[40.5000000000000, 11.2500000000000, 82.14668669802178]
[40.5066967694549, 11.2985515785481, 82.14668669802177]
[40.5131324974552, 11.3452106065503, 82.14668669802177]
[40.5193209230248, 11.3900766919302, 82.14668669802175]
[40.5252757851877, 11.4332494426111, 82.14668669802174]
[40.5310108229678, 11.4748284665165, 82.14668669802172]
[40.5365397753890, 11.5149133715700, 82.14668669802171]
[40.5418763814752, 11.5536037656949, 82.1466866980217]
[40.5470343802503, 11.5909992568147, 82.14668669802167]
[40.5520275107383, 11.6271994528530, 82.14668669802165]
[40.5568695119632, 11.6623039617332, 82.14668669802164]
[40.5615741229488, 11.6964123913786, 82.14668669802164]
[40.5661550827190, 11.7296243497129, 82.14668669802163]
[40.5706261302979, 11.7620394446595, 82.14668669802161]
[40.5750010047092, 11.7937572841417, 82.14668669802161]
[40.5792934449770, 11.8248774760832, 82.1466866980216]
[40.5835171901251, 11.8554996284074, 82.14668669802158]
[40.5876859791776, 11.8857233490377, 82.14668669802158]
[40.5918135511583, 11.9156482458976, 82.14668669802158]
[40.5959136450911, 11.9453739269105, 82.14668669802157]
[40.6000000000000, 11.9750000000000, 82.14668669802158]
[40.6040863549089, 12.0046260730895, 82.14668669802158]
[40.6081864488417, 12.0343517541024, 82.14668669802158]
[40.6123140208224, 12.0642766509623, 82.14668669802158]
[40.6164828098748, 12.0945003715926, 82.14668669802158]
[40.6207065550230, 12.1251225239168, 82.1466866980216]
[40.6249989952908, 12.1562427158583, 82.14668669802161]
[40.6293738697021, 12.1879605553405, 82.14668669802163]
[40.6338449172810, 12.2203756502871, 82.14668669802163]
[40.6384258770512, 12.2535876086214, 82.14668669802164]
[40.6431304880368, 12.2876960382668, 82.14668669802164]
[40.6479724892617, 12.3228005471470, 82.14668669802165]
[40.6529656197497, 12.3590007431853, 82.14668669802168]
[40.6581236185248, 12.3963962343051, 82.14668669802168]
[40.6634602246110, 12.4350866284300, 82.14668669802171]
[40.6689891770322, 12.4751715334835, 82.14668669802172]
[40.6747242148123, 12.5167505573889, 82.14668669802174]
[40.6806790769752, 12.5599233080698, 82.14668669802175]
[40.6868675025448, 12.6047893934497, 82.14668669802177]
[40.6933032305451, 12.6514484214519, 82.14668669802177]
[40.7000000000000, 12.7000000000000, 82.14668669802178]
[40.5000000000000, 11.2500000000000, 50.19442890773482]
[40.5301094775095, 11.2861313730114, 50.194428907734824]
[40.5565482661713, 11.3178579194056, 50.19442890773484]
[40.5795095601354, 11.3454114721625, 50.19442890773482]
[40.5991865535517, 11.3690238642620, 50.19442890773484]
[40.6157724405700, 11.3889269286839, 50.19442890773481]
[40.6294604153401, 11.4053524984081, 50.1944289077348]
[40.6404436720120, 11.4185324064144, 50.194428907734924]
[40.6489154047356, 11.4286984856827, 50.19442890773477]
[40.6550688076606, 11.4360825691928, 50.19442890773484]
[40.6590970749371, 11.4409164899245, 50.19442890773501]
[40.6611934007148, 11.4434320808578, 50.194428907725644]
[40.6615509791436, 11.4438611749724, 129.80557109233456]
[40.6603630043735, 11.4424356052482, 129.8055710922596]
[40.6578226705542, 11.4393872046650, 129.80557109226675]
[40.6541231718357, 11.4349478062028, 129.80557109226527]
[40.6494577023678, 11.4293492428413, 129.805571092265]
[40.6440194563004, 11.4228233475605, 129.80557109226473]
[40.6380016277834, 11.4156019533401, 129.80557109226544]
[40.6315974109666, 11.4079168931600, 129.80557109226635]
[40.6250000000000, 11.4000000000000, 129.80557109226504]
[40.6184025890334, 11.3920831068400, 129.8055710922653]
[40.6119983722166, 11.3843980466599, 129.80557109226606]
[40.6059805436996, 11.3771766524395, 129.80557109226504]
[40.6005422976322, 11.3706507571587, 129.805571092266]
[40.5958768281643, 11.3650521937972, 129.8055710922615]
[40.5921773294458, 11.3606127953350, 129.80557109226112]
[40.5896369956265, 11.3575643947518, 129.80557109226245]
[40.5884490208564, 11.3561388250276, 129.80557109205262]
[40.5888065992852, 11.3565679191422, 50.19442890766988]
[40.5909029250629, 11.3590835100755, 50.194428907743635]
[40.5949311923394, 11.3639174308072, 50.19442890773495]
[40.6010845952644, 11.3713015143173, 50.19442890773501]
[40.6095563279880, 11.3814675935856, 50.19442890773407]
[40.6205395846599, 11.3946475015919, 50.194428907735634]
[40.6342275594301, 11.4110730713161, 50.19442890773512]
[40.6508134464483, 11.4309761357380, 50.19442890773466]
[40.6704904398646, 11.4545885278375, 50.19442890773455]
[40.6934517338287, 11.4821420805944, 50.194428907734576]
[40.7198905224905, 11.5138686269886, 50.194428907734796]
[40.7500000000000, 11.5500000000000, 50.194428907734704]
[40.5000000000000, 11.2500000000000, 95.19442890773482]
[40.4962680007614, 11.2966754291245, 93.87085434383131]
[40.4940716937134, 11.3373238691530, 92.20841650711559]
[40.4933302529511, 11.3722625300378, 90.07288826160897]
[40.4939628525699, 11.4018086217313, 87.25443174178916]
[40.4958886666649, 11.4262793541861, 83.41153334530715]
[40.4990268693314, 11.4459919373545, 77.96659265896551]
[40.5032966346646, 11.4612635811889, 69.92358779047717]
[40.5086171367598, 11.4724114956418, 57.66384123298205]
[40.5149075497122, 11.4797528906656, 39.403305321589386]
[40.5220870476170, 11.4836049762127, 16.24176386625406]
[40.5300748045695, 11.4842849622355, 5.4652136064791295]
[40.5387899946649, 11.4821100586866, 21.12065276951003]
[40.5481517919983, 11.4773974755182, 31.314869430674136]
[40.5580793706652, 11.4704644226828, 37.93463523150038]
[40.5684919047606, 11.4616281101329, 42.33362102945356]
[40.5793085683799, 11.4512057478209, 45.305548148940204]
[40.5904485356183, 11.4395145456992, 47.303820582286725]
[40.6018309805709, 11.4268717137201, 48.58930372757265]
[40.6133750773331, 11.4135944618363, 49.310141547815256]
[40.6250000000000, 11.4000000000000, 49.54257553516861]
[40.6366249226669, 11.3864055381637, 49.310141547815256]
[40.6481690194291, 11.3731282862799, 48.589303727572556]
[40.6595514643817, 11.3604854543008, 47.303820582286605]
[40.6706914316201, 11.3487942521791, 45.30554814894004]
[40.6815080952394, 11.3383718898671, 42.333621029453354]
[40.6919206293348, 11.3295355773172, 37.93463523150098]
[40.7018482080017, 11.3226025244818, 31.31486943067368]
[40.7112100053351, 11.3178899413134, 21.12065276950694]
[40.7199251954305, 11.3157150377645, 5.465213606390099]
[40.7279129523830, 11.3163950237873, 16.241763866256175]
[40.7350924502878, 11.3202471093344, 39.40330532158492]
[40.7413828632402, 11.3275885043582, 57.66384123298059]
[40.7467033653354, 11.3387364188111, 69.92358779047619]
[40.7509731306686, 11.3540080626455, 77.96659265896558]
[40.7541113333351, 11.3737206458139, 83.41153334530698]
[40.7560371474301, 11.3981913782687, 87.25443174178913]
[40.7566697470489, 11.4277374699622, 90.07288826160897]
[40.7559283062866, 11.4626761308470, 92.20841650711561]
[40.7537319992386, 11.5033245708755, 93.87085434383134]
[40.7500000000000, 11.5500000000000, 95.19442890773483]
[40.7000000000000, 12.7000000000000, 82.14668669802171]
[40.7063940238318, 12.7485430360866, 82.85726360974687]
[40.7119333350268, 12.7951773128542, 83.60637502013596]
[40.7166494027047, 12.8400037524512, 84.39354955039815]
[40.7205736959853, 12.8831232770258, 85.21763375350878]
[40.7237376839884, 12.9246368087264, 86.07667305772593]
[40.7261728358337, 12.9646452697013, 86.96779611356277]
[40.7279106206412, 13.0032495820988, 87.88711094279186]
[40.7289825075305, 13.0405506680673, 88.82962311069927]
[40.7294199656214, 13.0766494497549, 89.78918743661448]
[40.7292544640337, 13.1116468493101, 90.75850510812023]
[40.7285174718873, 13.1456437888811, 91.72917706126003]
[40.7272404583018, 13.1787411906163, 92.6918218280836]
[40.7254548923971, 13.2110399766639, 93.63626165291647]
[40.7231922432930, 13.2426410691724, 94.5517747833833]
[40.7204839801093, 13.2736453902899, 95.42740506211827]
[40.7173615719656, 13.3041538621649, 96.25231320517567]
[40.7138564879819, 13.3342674069456, 97.01614853395759]
[40.7100001972779, 13.3640869467803, 97.70941642996506]
[40.7058241689734, 13.3937134038174, 98.32381608169426]
[40.7013598721881, 13.4232477002051, 98.85252536621708]
[40.6966387760419, 13.4527907580918, 99.29041458663905]
[40.6916923496546, 13.4824434996258, 99.63417746177062]
[40.6865520621459, 13.5123068469554, 99.88237519393539]
[40.6812493826355, 13.5424817222289, 100.03539658987481]
[40.6758157802434, 13.5730690475947, 100.09534324803039]
[40.6702827240893, 13.6041697452009, 100.06585323696834]
[40.6646816832930, 13.6358847371960, 99.95187928608946]
[40.6590441269742, 13.6683149457283, 99.75943837362564]
[40.6534015242527, 13.7015612929461, 99.49534899158688]
[40.6477853442484, 13.7357247009976, 99.16697064689285]
[40.6422270560810, 13.7709060920312, 98.78195769697349]
[40.6367581288703, 13.8072063881953, 98.34803676624682]
[40.6314100317361, 13.8447265116381, 97.87281404704702]
[40.6262142337981, 13.8835673845079, 97.36361599413456]
[40.6212022041762, 13.9238299289530, 96.8273644512978]
[40.6164054119902, 13.9656150671219, 96.27048521431047]
[40.6118553263597, 14.0090237211627, 95.69884749071142]
[40.6075834164047, 14.0541568132237, 95.11773066662944]
[40.6036211512449, 14.1011152654534, 94.53181419669062]
[40.6000000000000, 14.1500000000000, 93.94518622903756]
[40.6000000000000, 14.1500000000000, 90.11434281675433]
[40.5998179584034, 14.1986209742291, 90.31969364834471]
[40.5994736817342, 14.2445774477098, 90.5441389522553]
[40.5989705935773, 14.2880094479335, 90.78895689986255]
[40.5983121175179, 14.3290570023915, 91.05531749348891]
[40.5975016771410, 14.3678601385753, 91.34420355901267]
[40.5965426960317, 14.4045588839761, 91.65631119079268]
[40.5954385977752, 14.4392932660853, 91.99192857000007]
[40.5941928059564, 14.4722033123942, 92.3507941563845]
[40.5928087441604, 14.5034290503943, 92.73193849774053]
[40.5912898359724, 14.5331105075768, 93.13351843652376]
[40.5896395049773, 14.5613877114331, 93.55265817996985]
[40.5878611747604, 14.5884006894546, 93.98531795033414]
[40.5859582689066, 14.6142894691326, 94.42621654398928]
[40.5839342110010, 14.6391940779585, 94.86883725110681]
[40.5817924246287, 14.6632545434235, 95.30554495577846]
[40.5795363333749, 14.6866108930192, 95.72783378951715]
[40.5771693608244, 14.7094031542367, 96.12670856969936]
[40.5746949305626, 14.7317713545676, 96.49318075897631]
[40.5721164661743, 14.7538555215030, 96.81883494026663]
[40.5694373912448, 14.7757956825345, 97.09640115225744]
[40.5666611293590, 14.7977318651532, 97.32025859605753]
[40.5637911041021, 14.8198040968507, 97.48680169090514]
[40.5608307390591, 14.8421524051181, 97.59462027550155]
[40.5577834578152, 14.8649168174470, 97.6444770201538]
[40.5546526839553, 14.8882373613286, 97.63909861768725]
[40.5514418410646, 14.9122540642543, 97.58282458842804]
[40.5481543527281, 14.9371069537154, 97.48117281469119]
[40.5447936425309, 14.9629360572033, 97.340382710074]
[40.5413631340581, 14.9898814022094, 97.16698763028926]
[40.5378662508948, 15.0180830162249, 96.96745238720932]
[40.5343064166261, 15.0476809267413, 96.74789444694933]
[40.5306870548370, 15.0788151612499, 96.51389231695774]
[40.5270115891126, 15.1116257472420, 96.27037375052892]
[40.5232834430379, 15.1462527122091, 96.02157012043864]
[40.5195060401982, 15.1828360836424, 95.77102097675208]
[40.5156828041784, 15.2215158890333, 95.52161327282488]
[40.5118171585636, 15.2624321558731, 95.27564185323365]
[40.5079125269388, 15.3057249116533, 95.03488060000484]
[40.5039723328893, 15.3515341838652, 94.80065648038344]
[40.5000000000000, 15.4000000000000, 94.57392125990086]
[40.5000000000000, 15.4000000000000, 92.85310194711346]
[40.4977346332821, 15.4489299074265, 92.44206422982957]
[40.4959059560613, 15.4959118851288, 92.0094032263988]
[40.4944987858336, 15.5410483813749, 91.55538850312028]
[40.4934979400952, 15.5844418444328, 91.08065383040156]
[40.4928882363421, 15.6261947225706, 90.58626067046315]
[40.4926544920703, 15.6664094640561, 90.07376115580203]
[40.4927815247758, 15.7051885171574, 89.54525670595804]
[40.4932541519548, 15.7426343301425, 89.00344743812256]
[40.4940571911032, 15.7788493512794, 88.45166667169855]
[40.4951754597171, 15.8139360288361, 87.89389428541844]
[40.4965937752926, 15.8479968110806, 87.3347426621564]
[40.4982969553257, 15.8811341462808, 86.77940965114564]
[40.5002698173125, 15.9134504827049, 86.23359454017933]
[40.5024971787490, 15.9450482686207, 85.70337550766867]
[40.5049638571312, 15.9760299522962, 85.19505030788773]
[40.5076546699553, 16.0064979819996, 84.71494574097929]
[40.5105544347172, 16.0365548059987, 84.26920530829]
[40.5136479689130, 16.0663028725615, 83.8635677762595]
[40.5169200900387, 16.0958446299561, 83.50315158282471]
[40.5203556155904, 16.1252825264505, 83.1922606530103]
[40.5239393630642, 16.1547190103126, 82.93422601542596]
[40.5276561499561, 16.1842565298105, 82.7312947054645]
[40.5314907937622, 16.2139975332120, 82.58457318555108]
[40.5354281119784, 16.2440444687854, 82.49402751890578]
[40.5394529221008, 16.2744997847984, 82.45853751395457]
[40.5435500416256, 16.3054659295192, 82.47599768290935]
[40.5477042880487, 16.3370453512157, 82.5434546376962]
[40.5519004788662, 16.3693404981560, 82.65726875101538]
[40.5561234315741, 16.4024538186079, 82.81328756245236]
[40.5603579636685, 16.4364877608396, 83.00701932103605]
[40.5645888926455, 16.4715447731190, 83.23379689846533]
[40.5688010360010, 16.5077273037141, 83.48892469485698]
[40.5729792112312, 16.5451378008929, 83.76780371875877]
[40.5771082358320, 16.5838787129234, 84.06603244857645]
[40.5811729272996, 16.6240524880736, 84.37948315954446]
[40.5851581031299, 16.6657615746115, 84.70435501222633]
[40.5890485808191, 16.7091084208051, 85.03720631373189]
[40.5928291778631, 16.7541954749224, 85.3749690137877]
[40.5964847117581, 16.8011251852314, 85.71494875699214]
[40.6000000000000, 16.8500000000000, 86.05481377096244]
[40.6000000000000, 16.8500000000000, 88.25575458581622]
[40.6014467620543, 16.8989639140368, 88.36097629170553]
[40.6027470406396, 16.9459706829311, 88.47172283720529]
[40.6039065429041, 16.9911233448054, 88.5879338475243]
[40.6049309759958, 17.0345249377821, 88.70945884434286]
[40.6058260470629, 17.0762784999836, 88.83604119536375]
[40.6065974632536, 17.1164870695325, 88.96730195760524]
[40.6072509317161, 17.1552536845511, 89.1027245022341]
[40.6077921595983, 17.1926813831618, 89.24164106529074]
[40.6082268540486, 17.2288732034871, 89.3832226090247]
[40.6085607222149, 17.2639321836494, 89.52647356311451]
[40.6087994712456, 17.2979613617712, 89.6702330942845]
[40.6089488082887, 17.3310637759749, 89.81318447247178]
[40.6090144404923, 17.3633424643829, 89.95387381189892]
[40.6090020750047, 17.3949004651176, 90.09073893373773]
[40.6089174189739, 17.4258408163015, 90.2221483233309]
[40.6087661795481, 17.4562665560570, 90.34644918437684]
[40.6085540638754, 17.4862807225066, 90.46202252207132]
[40.6082867791041, 17.5159863537727, 90.56734216052843]
[40.6079700323821, 17.5454864879776, 90.66103378740512]
[40.6076095308577, 17.5748841632439, 90.74192968531293]
[40.6072109816790, 17.6042824176940, 90.80911487521777]
[40.6067800919942, 17.6337842894504, 90.86196100191076]
[40.6063225689514, 17.6634928166353, 90.90014537781059]
[40.6058441196987, 17.6935110373713, 90.92365401796988]
[40.6053504513843, 17.7239419897809, 90.93276903229902]
[40.6048472711564, 17.7548887119864, 90.92804216025029]
[40.6043402861630, 17.7864542421103, 90.91025734099054]
[40.6038352035523, 17.8187416182749, 90.8803858820662]
[40.6033377304725, 17.8518538786029, 90.83953798392724]
[40.6028535740716, 17.8858940612165, 90.78891414176947]
[40.6023884414980, 17.9209652042382, 90.72975938535558]
[40.6019480398996, 17.9571703457904, 90.6633225657334]
[40.6015380764246, 17.9946125239957, 90.5908220873669]
[40.6011642582212, 18.0333947769763, 90.51341872354364]
[40.6008322924376, 18.0736201428548, 90.43219551515774]
[40.6005478862218, 18.1153916597536, 90.34814427457438]
[40.6003167467220, 18.1588123657950, 90.26215790273905]
[40.6001445810863, 18.2039852991016, 90.1750275626343]
[40.6000370964629, 18.2510134977958, 90.08744370698476]
[40.6000000000000, 18.3000000000000, 90.0]
[40.7000000000000, 12.7000000000000, 82.14668669802171]
[40.7066955738725, 12.7464823777799, 81.42536031974942]
[40.7131086069802, 12.7870723112485, 80.57348100381128]
[40.7192241761289, 12.8220771699860, 79.54685070935592]
[40.7250273581245, 12.8518043235725, 78.2776167429608]
[40.7305032297728, 12.8765611415882, 76.65580157728185]
[40.7356368678796, 12.8966549936131, 74.49049321913556]
[40.7404133492508, 12.9123932492274, 71.41940150379001]
[40.7448177506922, 12.9240832780111, 66.668037754923]
[40.7488351490096, 12.9320324495444, 58.29103792410012]
[40.7524506210089, 12.9365481334075, 40.39664048721436]
[40.7556492434959, 12.9379376991804, 1.3631602311352495]
[40.7584160932764, 12.9365085164432, 47.06128335518219]
[40.7607362471563, 12.9325679547761, 67.67387187425811]
[40.7625947819415, 12.9264233837592, 77.20269374294134]
[40.7639767744376, 12.9183821729726, 82.69818274243669]
[40.7648673014507, 12.9087516919964, 86.45322594052773]
[40.7652514397865, 12.8978393104108, 89.36972196331662]
[40.7651142662508, 12.8859523977958, 91.87998712649515]
[40.7644408576495, 12.8733983237316, 94.23393815521646]
[40.7632162907885, 12.8604844577982, 96.60859548758219]
[40.7614256424735, 12.8475181695759, 99.16071928717174]
[40.7590539895104, 12.8348068286447, 102.06201877491061]
[40.7560864087050, 12.8226578045848, 105.53473450307939]
[40.7525079768632, 12.8113784669762, 109.90126543134221]
[40.7483037707907, 12.8012761853991, 115.66398475237742]
[40.7434588672936, 12.7926583294336, 123.62931048247216]
[40.7379583431774, 12.7858322686598, 135.02752597414425]
[40.7317872752482, 12.7811053726578, 151.23222961800352]
[40.7249307403117, 12.7787850110078, 171.9832511662388]
[40.7173738151738, 12.7791785532899, 166.81931849545506]
[40.7091015766403, 12.7825933690841, 149.78862654717057]
[40.7000991015171, 12.7893368279707, 137.76073450070328]
[40.6903514666099, 12.7997162995296, 129.4608871553068]
[40.6798437487246, 12.8140391533411, 123.59658672097153]
[40.6685610246671, 12.8326127589853, 119.30414513550419]
[40.6564883712432, 12.8557444860422, 116.05249996426959]
[40.6436108652587, 12.8837417040920, 113.51425350557624]
[40.6299135835194, 12.9169117827148, 111.4819082806335]
[40.6153816028312, 12.9555620914908, 109.81949318973984]
[40.6000000000000, 13.0000000000000, 108.43494882292208]
[40.7000000000000, 12.7000000000000, 82.14668669802171]
[40.7074002544217, 12.7470935439798, 79.91578353152359]
[40.7158550542489, 12.7894542923356, 77.42006640047879]
[40.7252410638952, 12.8272955890782, 74.6147636046829]
[40.7354349477742, 12.8608307782184, 71.44661273997242]
[40.7463133702997, 12.8902732037673, 67.85287780760949]
[40.7577529958852, 12.9158362097356, 63.761039554097295]
[40.7696304889445, 12.9377331401344, 59.090024719902004]
[40.7818225138911, 12.9561773389743, 53.75440979694107]
[40.7942057351387, 12.9713821502665, 47.67363373023023]
[40.8066568171010, 12.9835609180216, 40.78831985911927]
[40.8190524241917, 12.9929269862507, 33.08408175708223]
[40.8312692208243, 12.9996936989646, 24.618098860566715]
[40.8431838714125, 13.0040744001742, 15.535770321901673]
[40.8546730403700, 13.0062824338904, 6.060193800876269]
[40.8656133921105, 13.0065311441241, 3.5536916976047688]
[40.8758815910475, 13.0050338748861, 13.085898776832845]
[40.8853543015947, 13.0020039701874, 22.408790857307583]
[40.8939081881658, 12.9976547740389, 31.513550184812598]
[40.9014199151744, 12.9921996304514, 40.50733443535962]
[40.9077661470342, 12.9858518834359, 49.596505534467695]
[40.9128235481589, 12.9788248770031, 59.067662173008024]
[40.9164687829620, 12.9713319551641, 69.26368908479316]
[40.9185785158573, 12.9635864619297, 80.5322510675276]
[40.9190294112583, 12.9558017413108, 93.10605025224166]
[40.9176981335787, 12.9481911373182, 106.89475210949165]
[40.9144613472323, 12.9409679939629, 121.29964423059234]
[40.9091957166326, 12.9343456552558, 135.3205784466172]
[40.9017779061932, 12.9285374652077, 148.01577312453063]
[40.8920845803279, 12.9237567678295, 158.89722354707123]
[40.8799924034503, 12.9202169071322, 167.94092165418755]
[40.8653780399740, 12.9181312271266, 175.37547148272392]
[40.8481181543128, 12.9177130718236, 178.50294699389693]
[40.8280894108801, 12.9191757852341, 173.42130202750798]
[40.8051684740897, 12.9227327113689, 169.15687090402702]
[40.7792320083553, 12.9285971942391, 165.5367725636579]
[40.7501566780905, 12.9369825778554, 162.4291568142131]
[40.7178191477089, 12.9481022062287, 159.73367672432798]
[40.6820960816241, 12.9621694233700, 157.37353324357935]
[40.6428641442500, 12.9793975732902, 155.28940056927706]
[40.6000000000000, 13.0000000000000, 153.43494882292194]
[40.7000000000000, 12.7000000000000, 82.14668669802171]
[40.7057651297132, 12.7465485024103, 83.82388732244776]
[40.7094822605130, 12.7873300277570, 85.88168929301818]
[40.7112796144606, 12.8226417726000, 88.45697052453357]
[40.7112854136172, 12.8527809334994, 91.75495693900531]
[40.7096278800438, 12.8780447070154, 96.09127212875231]
[40.7064352358016, 12.8987302897078, 101.95881851313102]
[40.7018357029516, 12.9151348781368, 110.1143079245366]
[40.6959575035551, 12.9275556688623, 121.59190340854423]
[40.6889288596731, 12.9362898584446, 137.24786684010093]
[40.6808779933667, 12.9416346434435, 156.2466514338124]
[40.6719331266970, 12.9438872204191, 175.0754490932175]
[40.6622224817253, 12.9433447859316, 169.6209086942486]
[40.6518742805125, 12.9403045365409, 158.4762297263426]
[40.6410167451199, 12.9350636688070, 150.58118429608413]
[40.6297780976085, 12.9279193792901, 144.91888407108152]
[40.6182865600395, 12.9191688645501, 140.75833460680263]
[40.6066703544739, 12.9091093211472, 137.62673498788809]
[40.5950577029729, 12.8980379456413, 135.2235193844525]
[40.5835768275977, 12.8862519345925, 133.356153242555]
[40.5723559504093, 12.8740484845609, 131.9005698201008]
[40.5615232934688, 12.8617247921065, 130.77833370507125]
[40.5512070788374, 12.8495780537893, 129.94455863613018]
[40.5415355285762, 12.8379054661693, 129.38374494554353]
[40.5326368647463, 12.8270042258068, 129.11397337790044]
[40.5246393094089, 12.8171715292616, 129.20540875454375]
[40.5176710846250, 12.8087045730938, 129.83475299549747]
[40.5118604124557, 12.8019005538635, 131.46021881614067]
[40.5073355149623, 12.7970566681307, 135.56145489599098]
[40.5042246142057, 12.7944701124555, 150.08000030780278]
[40.5026559322472, 12.7944380833978, 119.31445523968662]
[40.5027576911479, 12.7972577775179, 77.2922524357215]
[40.5046581129688, 12.8032263913756, 69.59731372688022]
[40.5084854197711, 12.8126411215311, 66.72522603906012]
[40.5143678336159, 12.8257991645443, 65.31796523594261]
[40.5224335765643, 12.8429977169754, 64.53384754060113]
[40.5328108706775, 12.8645339753844, 64.0666583172302]
[40.5456279380165, 12.8907051363313, 63.77932898268643]
[40.5610130006425, 12.9218083963762, 63.60180989899512]
[40.5790942806167, 12.9581409520791, 63.49485536848705]
[40.6000000000000, 13.0000000000000, 63.434948822922124]
[40.6000000000000, 18.3000000000000, 89.43430600405398]
[40.6005698014471, 18.3489865088704, 89.22967682754357]
[40.6012892339447, 18.3960193571669, 89.01440711394241]
[40.6021542990841, 18.4412012164374, 88.78863001306917]
[40.6031609984566, 18.4846347582297, 88.55265445767266]
[40.6043053336537, 18.5264226540918, 88.30699582613121]
[40.6055833062668, 18.5666675755714, 88.05240660566483]
[40.6069909178871, 18.6054721942164, 87.7899053101228]
[40.6085241701062, 18.6429391815747, 87.52080142566227]
[40.6101790645152, 18.6791712091941, 87.24671371831806]
[40.6119516027057, 18.7142709486224, 86.96957891687796]
[40.6138377862690, 18.7483410714076, 86.69164767682908]
[40.6158336167965, 18.7814842490975, 86.41546493666769]
[40.6179350958795, 18.8138031532398, 86.14383238444356]
[40.6201382251094, 18.8454004553826, 85.87975181087158]
[40.6224390060777, 18.8763788270736, 85.62634962256486]
[40.6248334403756, 18.9068409398608, 85.3867846259103]
[40.6273175295945, 18.9368894652918, 85.16414317599164]
[40.6298872753259, 18.9666270749147, 84.96132764343784]
[40.6325386791611, 18.9961564402772, 84.78094557341237]
[40.6352677426914, 19.0255802329272, 84.62520760549832]
[40.6380704675083, 19.0550011244126, 84.4958419927601]
[40.6409428552031, 19.0845217862812, 84.39403235367031]
[40.6438809073672, 19.1142448900809, 84.32038323837614]
[40.6468806255919, 19.1442731073595, 84.27491547678224]
[40.6499380114687, 19.1747091096649, 84.25709048810158]
[40.6530490665889, 19.2056555685449, 84.26586017722646]
[40.6562097925439, 19.2372151555474, 84.29973706478292]
[40.6594161909251, 19.2694905422203, 84.35687810932613]
[40.6626642633238, 19.3025844001113, 84.4351753413578]
[40.6659500113314, 19.3365994007684, 84.53234685605864]
[40.6692694365393, 19.3716382157394, 84.64602271848166]
[40.6726185405388, 19.4078035165722, 84.77382168618946]
[40.6759933249214, 19.4451979748145, 84.91341611718775]
[40.6793897912784, 19.4839242620144, 85.06258381324413]
[40.6828039412012, 19.5240850497195, 85.21924671844586]
[40.6862317762812, 19.5657830094778, 85.38149728184563]
[40.6896692981096, 19.6091208128372, 85.54761388754171]
[40.6931125082780, 19.6542011313455, 85.71606708113971]
[40.6965574083777, 19.7011266365504, 85.88551842677101]
[40.7000000000000, 19.7500000000000, 86.05481377096244]
[40.6000000000000, 18.3000000000000, 89.43430600405398]
[40.6002911539963, 18.3472914333331, 89.87375114904097]
[40.6002160438799, 18.3893456012269, 90.34628843080326]
[40.5998327708500, 18.4264249945425, 90.85572986093725]
[40.5991994361057, 18.4587921041414, 91.40648343082592]
[40.5983741408464, 18.4867094208846, 92.00367130649659]
[40.5974149862711, 18.5104394356336, 92.65327642545685]
[40.5963800735791, 18.5302446392495, 93.36232546773616]
[40.5953275039695, 18.5463875225937, 94.13911869554084]
[40.5943153786417, 18.5591305765275, 94.9935205371386]
[40.5934017987947, 18.5687362919121, 95.93732931982731]
[40.5926448656277, 18.5754671596087, 96.98475059455637]
[40.5921026803400, 18.5795856704788, 98.15300645062409]
[40.5918333441308, 18.5813543153834, 99.46312345952273]
[40.5918949581992, 18.5810355851840, 79.05904552721546]
[40.5923456237444, 18.5788919707417, 77.3814964789676]
[40.5932434419657, 18.5751859629180, 75.46436491854901]
[40.5946465140623, 18.5701800525739, 73.25775051015779]
[40.5966129412332, 18.5641367305709, 70.69902801522002]
[40.5992008246778, 18.5573184877701, 67.70971926819911]
[40.6024682655952, 18.5499878150330, 64.19232397521705]
[40.6064733651847, 18.5424072032206, 60.02825183509136]
[40.6112742246454, 18.5348391431944, 55.07952668198354]
[40.6169289451764, 18.5275461258155, 49.199605309915356]
[40.6234956279771, 18.5207906419453, 42.26198790454166]
[40.6310323742467, 18.5148351824450, 34.21556431155614]
[40.6395972851842, 18.5099422381760, 25.16300310166632]
[40.6492484619889, 18.5063742999994, 15.424101379342359]
[40.6600440058600, 18.5043938587766, 5.513676204548969]
[40.6720420179967, 18.5042634053688, 3.9984549100458433]
[40.6853005995982, 18.5062454306374, 12.666302383004888]
[40.6998778518637, 18.5106024254435, 20.26242094795753]
[40.7158318759924, 18.5175968806484, 26.756732333425457]
[40.7332207731834, 18.5274912871135, 32.23962913350198]
[40.7521026446361, 18.5405481357000, 36.85080464844516]
[40.7725355915495, 18.5570299172692, 40.73552556047969]
[40.7945777151229, 18.5771991226824, 44.024493293654665]
[40.8182871165554, 18.6013182428007, 46.82760528023303]
[40.8437218970463, 18.6296497684856, 49.23425468227494]
[40.8709401577948, 18.6624561905983, 51.31606043941757]
[40.9000000000000, 18.7000000000000, 53.130102354155824]
[40.6000000000000, 18.3000000000000, 89.43430600405398]
[40.6011947612742, 18.3470599323877, 87.55982410603332]
[40.6037377953220, 18.3884433411320, 85.28079508719318]
[40.6075481868383, 18.4244483326241, 82.46981513550271]
[40.6125450205180, 18.4553730132555, 78.94888700158789]
[40.6186473810560, 18.4815154894173, 74.46931934950646]
[40.6257743531472, 18.5031738675010, 68.69119942213685]
[40.6338450214864, 18.5206462538980, 61.18287758273554]
[40.6427784707687, 18.5342307549994, 51.50147011491229]
[40.6524937856889, 18.5442254771968, 39.46778961579137]
[40.6629100509419, 18.5509285268813, 25.647480186267156]
[40.6739463512226, 18.5546380104445, 11.54433264792406]
[40.6855217712259, 18.5556520342775, 1.1359592207940556]
[40.6975553956467, 18.5542687047717, 11.469622305336395]
[40.7099663091800, 18.5507861283184, 19.42158507475192]
[40.7226735965205, 18.5455024113091, 25.376297199265643]
[40.7355963423633, 18.5387156601350, 29.772529594309486]
[40.7486536314032, 18.5307239811875, 32.966450132318094]
[40.7617645483351, 18.5218254808579, 35.21143438876098]
[40.7748481778539, 18.5123182655375, 36.672431531046065]
[40.7878236046546, 18.5025004416177, 37.44282910485396]
[40.8006099134320, 18.4926701154898, 37.55458149453029]
[40.8131261888810, 18.4831253935451, 36.979075188805666]
[40.8252915156965, 18.4741643821750, 35.61648086252772]
[40.8370249785735, 18.4660851877709, 33.26874531838991]
[40.8482456622068, 18.4591859167240, 29.586836789954752]
[40.8588726512914, 18.4537646754257, 23.979533507084028]
[40.8688250305220, 18.4501195702673, 15.492520447718677]
[40.8780218845938, 18.4485487076402, 2.82838452650585]
[40.8863822982014, 18.4493501939357, 14.771156651683938]
[40.8938253560400, 18.4528221355452, 35.19244647226356]
[40.9002701428042, 18.4592626388599, 53.58721747958049]
[40.9056357431891, 18.4689698102712, 67.24191596158026]
[40.9098412418896, 18.4822417561704, 76.64167176384886]
[40.9128057236005, 18.4993765829490, 83.10676302396497]
[40.9144482730168, 18.5206723969981, 87.67141564999694]
[40.9146879748333, 18.5464273047093, 90.9969178144427]
[40.9134439137450, 18.5769394124737, 93.49161632278907]
[40.9106351744467, 18.6125068266827, 95.41131889640145]
[40.9061808416334, 18.6534276537277, 96.92092780313456]
[40.9000000000000, 18.7000000000000, 98.13010235415594]
[40.6000000000000, 18.3000000000000, 89.43430600405398]
[40.5998159030509, 18.3480940760552, 91.04128886195105]
[40.5983637837850, 18.3924738497848, 92.74685478167991]
[40.5957748589315, 18.4332783285542, 94.55721209790559]
[40.5921803452198, 18.4706465197291, 96.47857657464661]
[40.5877114593791, 18.5047174306750, 98.5170310398996]
[40.5824994181385, 18.5356300687575, 100.67834854896553]
[40.5766754382275, 18.5635234413422, 102.96777911213121]
[40.5703707363752, 18.5885365557946, 105.38980573882455]
[40.5637165293109, 18.6108084194803, 107.9478852948879]
[40.5568440337639, 18.6304780397648, 110.64420569637076]
[40.5498844664634, 18.6476844240138, 113.47951734352775]
[40.5429690441387, 18.6625665795929, 116.45314196424812]
[40.5362289835190, 18.6752635138674, 119.5633466325063]
[40.5297955013336, 18.6859142342032, 122.80844917140263]
[40.5237998143118, 18.6946577479657, 126.18945367653534]
[40.5183731391828, 18.7016330625204, 129.71622944098326]
[40.5136466926758, 18.7069791852330, 133.4232739601208]
[40.5097516915202, 18.7108351234690, 137.4177055624881]
[40.5068193524451, 18.7133398845940, 142.0777698795413]
[40.5049808921800, 18.7146324759736, 149.5736024950074]
[40.5043675274539, 18.7148519049733, 80.99404597067794]
[40.5051104749961, 18.7141371789588, 37.780931193836416]
[40.5073409515360, 18.7126273052954, 31.661082083889298]
[40.5111901738027, 18.7104612913490, 27.49873586693331]
[40.5167893585256, 18.7077781444849, 23.951704305142805]
[40.5242697224339, 18.7047168720688, 20.732325260785963]
[40.5337624822568, 18.7014164814663, 17.744429897777447]
[40.5453988547236, 18.6980159800428, 14.946977376948004]
[40.5593100565636, 18.6946543751641, 12.318681310350815]
[40.5756273045060, 18.6914706741956, 9.846183328238414]
[40.5944818152801, 18.6886038845030, 7.51948644363404]
[40.6160048056151, 18.6861930134517, 5.330056003547617]
[40.6403274922403, 18.6843770684074, 3.2700174983446066]
[40.6675810918850, 18.6832950567356, 1.3318355761803091]
[40.6978968212784, 18.6830859858019, 0.4917913343531858]
[40.7314058971497, 18.6838888629719, 2.2079427425471163]
[40.7682395362283, 18.6858426956112, 3.823451891395608]
[40.8085289552434, 18.6890864910852, 5.3448728571728115]
[40.8524053709242, 18.6937592567596, 6.7784511319232035]
[40.9000000000000, 18.7000000000000, 8.13010235415641]
[40.7000000000000, 19.7500000000000, 87.14773600236512]
[40.7014370698867, 19.7987098664853, 89.52110936837286]
[40.7008159157350, 19.8450381948780, 92.06442625985365]
[40.6982021177021, 19.8890972528961, 94.77437766272116]
[40.6936612559453, 19.9309993082574, 97.64203631251374]
[40.6872589106221, 19.9708566286799, 100.65191237530404]
[40.6790606618898, 20.0087814818815, 103.78136274050635]
[40.6691320899057, 20.0448861355799, 107.00056123010836]
[40.6575387748272, 20.0792828574932, 110.27319185712668]
[40.6443462968116, 20.1120839153392, 113.55791801988538]
[40.6296202360162, 20.1434015768358, 116.8105235827971]
[40.6134261725985, 20.1733481097009, 119.986461539636]
[40.5958296867156, 20.2020357816524, 123.0434397552832]
[40.5768963585251, 20.2295768604081, 125.94366364888685]
[40.5566917681842, 20.2560836136860, 128.65544663830468]
[40.5352814958502, 20.2816683092040, 131.15405391408086]
[40.5127311216806, 20.3064432146799, 133.42180675793722]
[40.4891062258326, 20.3305205978316, 135.4475947751406]
[40.4644723884637, 20.3540127263771, 137.22600029969905]
[40.4388951897311, 20.3770318680341, 138.7562381105346]
[40.4124402097922, 20.3996902905207, 140.041075175066]
[40.3851730288043, 20.4221002615547, 141.08584232019584]
[40.3571592269248, 20.4443740488540, 141.89759938479577]
[40.3284643843111, 20.4666239201364, 142.4844761793078]
[40.2991540811204, 20.4889621431199, 142.85518552513244]
[40.2692938975101, 20.5115009855224, 143.01869003923196]
[40.2389494136376, 20.5343527150617, 142.98399802395252]
[40.2081862096602, 20.5576295994558, 142.76006270455466]
[40.1770698657353, 20.5814439064225, 142.35576067616074]
[40.1456659620201, 20.6059079036797, 141.77992811737013]
[40.1140400786721, 20.6311338589453, 141.04143612254262]
[40.0822577958485, 20.6572340399372, 140.1492889293365]
[40.0503846937068, 20.6843207143733, 139.11273074722055]
[40.0184863524042, 20.7125061499715, 137.9413484177736]
[39.9866283520982, 20.7419026144497, 136.64515847302366]
[39.9548762729460, 20.7726223755257, 135.234668569295]
[39.9232956951050, 20.8047777009175, 133.72090501600601]
[39.8919521987326, 20.8384808583429, 132.11540037950778]
[39.8609113639860, 20.8738441155199, 130.43013799213765]
[39.8302387710227, 20.9109797401663, 128.6774535548151]
[39.8000000000000, 20.9500000000000, 126.86989764584406]
[39.8000000000000, 20.9500000000000, 113.91770962907026]
[39.7791828081137, 20.9934496790974, 117.39236259463526]
[39.7572854699752, 21.0325001138943, 121.28993151886668]
[39.7343257185555, 21.0673227035193, 125.63124631161811]
[39.7103212868253, 21.0980888471010, 130.41655445884066]
[39.6852899077556, 21.1249699437681, 135.61589233603593]
[39.6592493143172, 21.1481373926491, 141.16118024467897]
[39.6322172394810, 21.1677625928726, 146.94398970161345]
[39.6042114162178, 21.1840169435671, 152.82253516331951]
[39.5752495774985, 21.1970718438613, 158.6383569561745]
[39.5453494562940, 21.2070986928838, 164.23845414045206]
[39.5145287855750, 21.2142688897631, 169.4955388229173]
[39.4828052983126, 21.2187538336278, 174.32017733647268]
[39.4501967274775, 21.2207249236066, 178.66292274068704]
[39.4167208060407, 21.2203535588280, 177.49124211255975]
[39.3823952669729, 21.2178111384206, 174.13210125299284]
[39.3472378432450, 21.2132690615130, 171.23360796357414]
[39.3112662678279, 21.2068987272337, 168.76160445350075]
[39.2744982736926, 21.1988715347115, 166.67931332266943]
[39.2369515938097, 21.1893588830748, 164.95081667797226]
[39.1986439611502, 21.1785321714522, 163.54301312494113]
[39.1595931086849, 21.1665627989724, 162.42654564336766]
[39.1198167693848, 21.1536221647639, 161.57609139652283]
[39.0793326762207, 21.1398816679554, 160.97028732425107]
[39.0381585621633, 21.1255127076753, 160.59146802712428]
[38.9963121601837, 21.1106866830524, 160.42532219570896]
[38.9538112032527, 21.0955749932151, 160.4605270129439]
[38.9106734243410, 21.0803490372921, 160.68839029146537]
[38.8669165564197, 21.0651802144119, 161.10251194101366]
[38.8225583324595, 21.0502399237032, 161.698465474691]
[38.7776164854313, 21.0356995642946, 162.47349381077245]
[38.7321087483060, 21.0217305353146, 163.42620982855613]
[38.6860528540544, 21.0085042358918, 164.55628998103495]
[38.6394665356475, 20.9961920651548, 165.8641482948824]
[38.5923675260560, 20.9849654222322, 167.35057825206502]
[38.5447735582508, 20.9749957062526, 169.016351621668]
[38.4967023652028, 20.9664543163446, 170.861766812129]
[38.4481716798829, 20.9595126516367, 172.88614539068547]
[38.3991992352619, 20.9543421112576, 175.08728465230774]
[38.3498027643106, 20.9511140943358, 177.4608867190901]
[38.3000000000000, 20.9500000000000, 179.99999564659154]
[38.3000000000000, 20.9500000000000, 156.40680041125893]
[38.2548943242432, 20.9690755052435, 157.76669834870984]
[38.2111663391156, 20.9863259386569, 159.19655725868435]
[38.1687380717769, 21.0018232168210, 160.69392007499957]
[38.1275315493872, 21.0156392563166, 162.25473051320293]
[38.0874687991061, 21.0278459737243, 163.87313597596196]
[38.0484718480937, 21.0385152856249, 165.5413361182826]
[38.0104627235098, 21.0477191085991, 167.24950071969255]
[37.9733634525143, 21.0555293592278, 168.98577972534738]
[37.9370960622670, 21.0620179540915, 170.73642388413464]
[37.9015825799278, 21.0672568097712, 172.4860259983126]
[37.8667450326566, 21.0713178428474, 174.21788094335614]
[37.8325054476133, 21.0742729699009, 175.9144488611361]
[37.7987858519577, 21.0761941075126, 177.55789264174325]
[37.7655082728497, 21.0771531722630, 179.13065065356085]
[37.7325947374492, 21.0772220807330, 179.38399912435045]
[37.6999672729160, 21.0764727495033, 178.00142578940336]
[37.6675479064101, 21.0749770951547, 176.73521760498494]
[37.6352586650913, 21.0728070342678, 175.5968621916791]
[37.6030215761195, 21.0700344834234, 174.59554394963334]
[37.5707586666546, 21.0667313592023, 173.73805516859167]
[37.5383919638563, 21.0629695781851, 173.0288074634114]
[37.5058434948847, 21.0588210569527, 172.46992419029763]
[37.4730352868995, 21.0543577120858, 172.0613923634838]
[37.4398893670607, 21.0496514601650, 171.8012536005713]
[37.4063277625281, 21.0447742177712, 171.6858167174787]
[37.3722725004616, 21.0397979014851, 171.70987867871892]
[37.3376456080211, 21.0347944278874, 171.8669447779325]
[37.3023691123664, 21.0298357135589, 172.1494425531896]
[37.2663650406574, 21.0249936750802, 172.54892669681936]
[37.2295554200540, 21.0203402290322, 173.05627400724066]
[37.1918622777161, 21.0159472919956, 173.66186833016667]
[37.1532076408036, 21.0118867805511, 174.35577563318233]
[37.1135135364762, 21.0082306112795, 175.1279090832969]
[37.0727019918939, 21.0050507007614, 175.96818348765922]
[37.0306950342166, 21.0024189655777, 176.8666579212197]
[36.9874146906041, 21.0004073223091, 177.81366496137528]
[36.9427829882164, 20.9990876875362, 178.7999247788214]
[36.8967219542131, 20.9985319778400, 179.81664243526356]
[36.8491536157544, 20.9988121098010, 179.1444129029157]
[36.8000000000000, 21.0000000000000, 178.0908475670038]
[36.8000000000000, 21.0000000000000, 171.27336317709728]
[36.7514484551727, 21.0075255665816, 171.10290046406956]
[36.7045775410534, 21.0149362103925, 170.925993088841]
[36.6592993193669, 21.0222409007745, 170.74298281547925]
[36.6155258518379, 21.0294486070696, 170.554335498147]
[36.5731692001912, 21.0365682986197, 170.3606539406523]
[36.5321414261517, 21.0436089447667, 170.16268912706093]
[36.4923545914440, 21.0505795148524, 169.9613488829509]
[36.4537207577931, 21.0574889782187, 169.75770291926483]
[36.4161519869236, 21.0643463042076, 169.5529831570367]
[36.3795603405603, 21.0711604621609, 169.34857825652546]
[36.3438578804281, 21.0779404214205, 169.14602140242445]
[36.3089566682517, 21.0846951513283, 168.94697064627348]
[36.2747687657560, 21.0914336212262, 168.7531814857297]
[36.2412062346656, 21.0981648004561, 168.56647185969328]
[36.2081811367054, 21.1048976583599, 168.38868033031173]
[36.1756055336001, 21.1116411642795, 168.22161885829834]
[36.1433914870746, 21.1184042875567, 168.06702218921217]
[36.1114510588536, 21.1251959975335, 167.92649637688206]
[36.0796963106619, 21.1320252635517, 167.8014692983213]
[36.0480393042243, 21.1389010549533, 167.6931460992599]
[36.0163921012656, 21.1458323410801, 167.6024723159315]
[35.9846667635106, 21.1528280912740, 167.53010694969467]
[35.9527753526840, 21.1598972748770, 167.4764070695057]
[35.9206299305106, 21.1670488612309, 167.44142466135017]
[35.8881425587153, 21.1742918196775, 167.42491553419697]
[35.8552252990227, 21.1816351195589, 167.42635923504088]
[35.8217902131577, 21.1890877302168, 167.44498821503342]
[35.7877493628451, 21.1966586209932, 167.4798239918347]
[35.7530148098097, 21.2043567612300, 167.52971780254484]
[35.7174986157762, 21.2121911202691, 167.59339323361036]
[35.6811128424694, 21.2201706674523, 167.66948851550373]
[35.6437695516141, 21.2283043721215, 167.75659652708688]
[35.6053808049351, 21.2366012036187, 167.85330100492018]
[35.5658586641572, 21.2450701312857, 167.95820793560245]
[35.5251151910051, 21.2537201244644, 168.06997157322834]
[35.4830624472036, 21.2625601524967, 168.18731493188173]
[35.4396124944776, 21.2715991847246, 168.30904493245322]
[35.3946773945518, 21.2808461904898, 168.43406262545065]
[35.3481692091510, 21.2903101391343, 168.56136906922723]
[35.3000000000000, 21.3000000000000, 168.69006752597954]
[35.3000000000000, 21.3000000000000, 169.469371991758]
[35.2516987598428, 21.3083727554433, 170.88270238447427]
[35.2050528072514, 21.3152507416179, 172.36171665404558]
[35.1599751913458, 21.3206877044563, 173.90298436608307]
[35.1163789612459, 21.3247373898908, 175.50149107166715]
[35.0741771660716, 21.3274535438538, 177.15049488387749]
[35.0332828549429, 21.3288899122776, 178.84143720864714]
[34.9936090769797, 21.3291002410946, 179.43607307807088]
[34.9550688813020, 21.3281382762373, 177.69418549585822]
[34.9175753170296, 21.3260577636379, 175.9466332457077]
[34.8810414332825, 21.3229124492288, 174.20845608330012]
[34.8453802791807, 21.3187560789424, 172.49562969032704]
[34.8105049038440, 21.3136423987110, 170.82462151879508]
[34.7763283563924, 21.3076251544671, 169.2119024518667]
[34.7427636859459, 21.3007580921429, 167.67344940101947]
[34.7097239416243, 21.2930949576710, 166.2242749097986]
[34.6771221725476, 21.2846894969835, 164.8780157695096]
[34.6448714278358, 21.2755954560130, 163.64660448631545]
[34.6128847566087, 21.2658665806917, 162.54003690615514]
[34.5810752079863, 21.2555566169520, 161.5662384447487]
[34.5493558310885, 21.2447193107264, 160.73102199369833]
[34.5176396750353, 21.2334084079471, 160.03812387327167]
[34.4858397889466, 21.2216776545465, 159.48930061680937]
[34.4538692219423, 21.2095807964571, 159.08446867547502]
[34.4216410231423, 21.1971715796111, 158.8218706631491]
[34.3890682416666, 21.1845037499410, 158.6982546793933]
[34.3560639266352, 21.1716310533791, 158.7090567468667]
[34.3225411271679, 21.1586072358577, 158.8485798345535]
[34.2884128923847, 21.1454860433093, -159.1101658783954]
[34.2535922714055, 21.1323212216662, -159.48635942984936]
[34.2179923133502, 21.1191665168608, -159.96906300012483]
[34.1815260673389, 21.1060756748254, -160.54968488126005]
[34.1441065824913, 21.0931024414925, -161.21928034606648]
[34.1056469079275, 21.0803005627943, -161.96868682566202]
[34.0660600927674, 21.0677237846633, -162.78865311345083]
[34.0252591861308, 21.0554258530318, -163.66996201436595]
[33.9831572371379, 21.0434605138322, -164.6035452880728]
[33.9396672949084, 21.0318815129968, -165.5805893282033]
[33.8947024085623, 21.0207425964581, -166.5926298380596]
[33.8481756272195, 21.0100975101484, -167.63163382544366]
[33.8000000000000, 21.0000000000000, -168.6900675259797]
