[11.0000000000000, 3.00000000000000, 74.05460409907715]
[11.0134605222357, 3.04711182782512, 74.05460409907715]
[11.0263886564352, 3.09236029752329, 74.05460409907715]
[11.0388124230214, 3.13584348057489, 74.05460409907715]
[11.0507598424172, 3.17765944846028, 74.05460409907714]
[11.0622589350457, 3.21790627265982, 74.05460409907715]
[11.0733377213297, 3.25668202465389, 74.05460409907714]
[11.0840242216922, 3.29408477592284, 74.05460409907714]
[11.0943464565563, 3.33021259794704, 74.05460409907714]
[11.1043324463448, 3.36516356220686, 74.05460409907714]
[11.1140102114808, 3.39903574018265, 74.05460409907712]
[11.1234077723871, 3.43192720335480, 74.05460409907712]
[11.1325531494868, 3.46393602320366, 74.05460409907712]
[11.1414743632027, 3.49516027120959, 74.05460409907712]
[11.1501994339580, 3.52569801885297, 74.05460409907712]
[11.1587563821755, 3.55564733761416, 74.05460409907714]
[11.1671732282781, 3.58510629897352, 74.05460409907712]
[11.1754779926890, 3.61417297441142, 74.05460409907712]
[11.1836986958309, 3.64294543540822, 74.05460409907712]
[11.1918633581269, 3.67152175344429, 74.05460409907711]
[11.2000000000000, 3.70000000000000, 74.05460409907711]
[11.2081366418731, 3.72847824655571, 74.05460409907712]
[11.2163013041691, 3.75705456459178, 74.05460409907712]
[11.2245220073110, 3.78582702558858, 74.05460409907712]
[11.2328267717219, 3.81489370102648, 74.05460409907711]
[11.2412436178245, 3.84435266238584, 74.05460409907712]
[11.2498005660420, 3.87430198114703, 74.05460409907714]
[11.2585256367973, 3.90483972879041, 74.05460409907714]
[11.2674468505132, 3.93606397679634, 74.05460409907714]
[11.2765922276129, 3.96807279664520, 74.05460409907712]
[11.2859897885192, 4.00096425981735, 74.05460409907714]
[11.2956675536552, 4.03483643779315, 74.05460409907714]
[11.3056535434437, 4.06978740205296, 74.05460409907714]
[11.3159757783078, 4.10591522407716, 74.05460409907715]
[11.3266622786703, 4.14331797534611, 74.05460409907715]
[11.3377410649543, 4.18209372734018, 74.05460409907714]
[11.3492401575828, 4.22234055153972, 74.05460409907714]
[11.3611875769786, 4.26415651942511, 74.05460409907715]
[11.3736113435648, 4.30763970247671, 74.05460409907715]
[11.3865394777643, 4.35288817217489, 74.05460409907715]
[11.4000000000000, 4.40000000000000, 74.05460409907715]
[11.4000000000000, 4.40000000000000, 74.05460409907715]
[11.4123881138958, 4.44709340185128, 76.52174120532838]
[11.4221417059819, 4.49228527834323, 79.17320726073325]
[11.4293528210414, 4.53567172802910, 82.00613668761298]
[11.4341135038573, 4.57734884946215, 85.0113522052543]
[11.4365157992124, 4.61741274119565, 88.17222248467205]
[11.4366517518898, 4.65595950178286, 91.46393732637476]
[11.4346134066724, 4.69308522977705, 94.85346348429951]
[11.4304928083432, 4.72888602373147, 98.30038710364704]
[11.4243820016851, 4.76345798219939, 101.75870516330352]
[11.4163730314811, 4.79689720373407, 105.17942166570217]
[11.4065579425141, 4.82929978688877, 108.51359775284843]
[11.3950287795672, 4.86076183021676, 111.71537803555458]
[11.3818775874233, 4.89137943227129, 114.74452257851853]
[11.3671964108652, 4.92124869160564, 117.56811205273546]
[11.3510772946761, 4.95046570677306, 120.16130383102079]
[11.3336122836388, 4.97912657632681, 122.50721956810453]
[11.3148934225364, 5.00732739882016, 124.5961802713669]
[11.2950127561517, 5.03516427280637, 126.42455382941344]
[11.2740623292678, 5.06273329683871, 127.99345833501634]
[11.2521341866676, 5.09013056947043, 129.30750400165658]
[11.2293203731340, 5.11745218925480, 130.37368668405864]
[11.2057129334501, 5.14479425474508, 131.2004858473437]
[11.1814039123987, 5.17225286449453, 131.79717689414605]
[11.1564853547629, 5.19992411705642, 132.17334196359715]
[11.1310493053256, 5.22790411098400, 132.33855091779125]
[11.1051878088697, 5.25628894483055, 132.30218069164673]
[11.0789929101783, 5.28517471714932, 132.07334261872825]
[11.0525566540343, 5.31465752649357, 131.66089098838464]
[11.0259710852206, 5.34483347141657, 131.0734902166813]
[10.9993282485203, 5.37579865047158, 130.3197217035921]
[10.9727201887162, 5.40764916221186, 129.40821432331265]
[10.9462389505913, 5.44048110519068, 128.347784517242]
[10.9199765789286, 5.47439057796130, 127.14757329995392]
[10.8940251185111, 5.50947367907698, 125.81716843489473]
[10.8684766141217, 5.54582650709098, 124.36670093238897]
[10.8434231105434, 5.58354516055656, 122.80690621488917]
[10.8189566525591, 5.62272573802699, 121.14914207832157]
[10.7951692849518, 5.66346433805554, 119.40535813799231]
[10.7721530525044, 5.70585705919545, 117.5880148016799]
[10.7500000000000, 5.75000000000000, 115.70995378081123]
[10.7500000000000, 5.75000000000000, 102.0383127375095]
[10.7402678845164, 5.79692619568925, 101.36445456872025]
[10.7319058826134, 5.84003553306752, 100.55331786856368]
[10.7248806538078, 5.87952539084484, 99.57596299690358]
[10.7191588576164, 5.91559314773122, 98.39693901043228]
[10.7147071535561, 5.94843618243668, 96.97303279317717]
[10.7114922011438, 5.97825187367125, 95.25211159072575]
[10.7094806598963, 6.00523760014493, 93.17247105041558]
[10.7086391893304, 6.02959074056776, 90.66350542541248]
[10.7089344489631, 6.05150867364975, 87.6491574861869]
[10.7103330983111, 6.07118877810092, 84.05642340524611]
[10.7128017968914, 6.08882843263128, 79.83172107300165]
[10.7163072042208, 6.10462501595087, 74.96686598421122]
[10.7208159798161, 6.11877590676969, 69.53154922825794]
[10.7262947831942, 6.13147848379777, 63.699682937627834]
[10.7327102738720, 6.14293012574512, 57.74849028514705]
[10.7400291113662, 6.15332821132177, 52.01545690226893]
[10.7482179551938, 6.16287011923773, 46.824872468136824]
[10.7572434648716, 6.17175322820303, 42.42065252496886]
[10.7670722999165, 6.18017491692767, 38.93654583917815]
[10.7776711198453, 6.18833256412170, 36.40557465414974]
[10.7890065841749, 6.19642354849511, 34.78951279490151]
[10.8010453524221, 6.20464524875793, 34.00923463256111]
[10.8137540841038, 6.21319504362019, 33.96685631060109]
[10.8270994387368, 6.22227031179189, 34.5588414819695]
[10.8410480758380, 6.23206843198306, 35.68264468639328]
[10.8555666549242, 6.24278678290372, 37.23976218033826]
[10.8706218355124, 6.25462274326389, 39.13723994837537]
[10.8861802771193, 6.26777369177358, 41.288763477424894]
[10.9022086392618, 6.28243700714282, 43.61575205828485]
[10.9186735814568, 6.29881006808163, 46.04845127318306]
[10.9355417632211, 6.31709025330002, 48.52682683466236]
[10.9527798440716, 6.33747494150801, 51.001050294761285]
[10.9703544835251, 6.36016151141562, 53.43145864350516]
[10.9882323410984, 6.38534734173288, 55.787992816309846]
[11.0063800763085, 6.41322981116980, 58.04922037468794]
[11.0247643486722, 6.44400629843640, 60.2010993948161]
[11.0433518177064, 6.47787418224270, 62.23564429451152]
[11.0621091429278, 6.51503084129872, 64.1496254746547]
[11.0810029838534, 6.55567365431448, 65.94339203332278]
[11.1000000000000, 6.60000000000000, 67.61986494804042]
[11.1000000000000, 6.60000000000000, 85.67206184643486]
[11.1033330803440, 6.64886812045683, 86.53770795357134]
[11.1058052703215, 6.69582421245924, 87.44831409268723]
[11.1074457370654, 6.74096814011412, 88.40294489491293]
[11.1082836477086, 6.78439976752838, 89.39981080593061]
[11.1083481693837, 6.82621895880891, 90.43613583088434]
[11.1076684692235, 6.86652557806261, 91.50803525270375]
[11.1062737143610, 6.90541948939639, 92.61041407883482]
[11.1041930719289, 6.94300055691714, 93.73689854282834]
[11.1014557090599, 6.97936864473178, 94.87981361212334]
[11.0980907928869, 7.01462361694719, 96.03021867830144]
[11.0941274905426, 7.04886533767028, 97.17801107868456]
[11.0895949691599, 7.08219367100795, 98.31210269616882]
[11.0845223958716, 7.11470848106711, 99.42066883031572]
[11.0789389378105, 7.14650963195464, 100.49146144753118]
[11.0728737621093, 7.17769698777746, 101.51217176932855]
[11.0663560359009, 7.20837041264246, 102.47082109145616]
[11.0594149263180, 7.23862977065655, 103.35615481234721]
[11.0520796004935, 7.26857492592662, 104.15801361003273]
[11.0443792255601, 7.29830574255958, 104.86765772772227]
[11.0363429686507, 7.32792208466233, 105.47802501304734]
[11.0279999968980, 7.35752381634177, 105.98390984437408]
[11.0193794774349, 7.38721080170479, 106.38205728134162]
[11.0105105773941, 7.41708290485831, 106.67117364589762]
[11.0014224639085, 7.44723998990921, 106.85186047482013]
[10.9921443041108, 7.47778192096441, 106.92648294058965]
[10.9827052651338, 7.50880856213080, 106.89898631855846]
[10.9731345141104, 7.54041977751529, 106.7746750507223]
[10.9634612181732, 7.57271543122477, 106.5599687300673]
[10.9537145444553, 7.60579538736614, 106.26214825099267]
[10.9439236600892, 7.63975951004631, 105.88910375136264]
[10.9341177322079, 7.67470766337218, 105.44909405272224]
[10.9243259279440, 7.71073971145064, 104.95052526026248]
[10.9145774144305, 7.74795551838861, 104.40175413326874]
[10.9049013588002, 7.78645494829297, 103.81091986687495]
[10.8953269281857, 7.82633786527064, 103.18580610579865]
[10.8858832897200, 7.86770413342850, 102.53373339828215]
[10.8765996105357, 7.91065361687347, 101.86148094089226]
[10.8675050577658, 7.95528617971244, 101.17523539485734]
[10.8586287985429, 8.00170168605232, 100.4805637864906]
[10.8500000000000, 8.05000000000000, 99.7824070318073]
[10.8500000000000, 8.05000000000000, 95.26593868869149]
[10.8446622837221, 8.09851134412966, 97.33141613825302]
[10.8378546654508, 8.14454452567830, 99.53272165453787]
[10.8296186464214, 8.18821518361837, 101.8668987372455]
[10.8199957278694, 8.22963895692236, 104.3270492248221]
[10.8090274110302, 8.26893148456273, 106.90171248018153]
[10.7967551971392, 8.30620840551196, 109.57443858838299]
[10.7832205874319, 8.34158535874251, 112.32366935494238]
[10.7684650831436, 8.37517798322686, 115.12302505114413]
[10.7525301855099, 8.40710191793748, 117.94204961142357]
[10.7354573957661, 8.43747280184685, 120.74739555565384]
[10.7172882151477, 8.46640627392742, 123.50434688676927]
[10.6980641448900, 8.49401797315168, 126.17850675805127]
[10.6778266862286, 8.52042353849209, 128.73744001529514]
[10.6566173403989, 8.54573860892113, 131.15207161218893]
[10.6344776086363, 8.57007882341126, 133.39769652900046]
[10.6114489921761, 8.59355982093497, 135.45453660396814]
[10.5875729922539, 8.61629724046471, 137.30786012054685]
[10.5628911101051, 8.63840672097297, 138.94774096117743]
[10.5374448469650, 8.66000390143221, 140.36856610255043]
[10.5112757040692, 8.68120442081490, 141.56840444566424]
[10.4844251826531, 8.70212391809352, 142.54833451183154]
[10.4569347839520, 8.72287803224054, 143.31180331937205]
[10.4288460092014, 8.74358240222842, 143.86406202823994]
[10.4002003596368, 8.76435266702964, 144.21170081639858]
[10.3710393364936, 8.78530446561668, 144.36228807794518]
[10.3414044410071, 8.80655343696199, 144.32410749243894]
[10.3113371744129, 8.82821522003806, 144.1059798191481]
[10.2808790379463, 8.85040545381736, 143.7171531031707]
[10.2500715328428, 8.87323977727235, 143.1672441324874]
[10.2189561603378, 8.89683382937551, 142.46621453543173]
[10.1875744216667, 8.92130324909931, 141.62436625358114]
[10.1559678180650, 8.94676367541621, 140.65234292860626]
[10.1241778507681, 8.97333074729870, 139.56112585178224]
[10.0922460210114, 9.00112010371924, 138.36201549295748]
[10.0602138300304, 9.03024738365031, 137.06659223339304]
[10.0281227790605, 9.06082822606437, 135.68665273086765]
[9.99601436933701, 9.09297826993390, 134.23412124449362]
[9.96393010209550, 9.12681315423137, 132.7209380724492]
[9.93191147857135, 9.16244851792924, 131.1589297886223]
[9.90000000000000, 9.20000000000000, 129.55966796899446]
[9.90000000000000, 9.20000000000000, 118.43947155399559]
[9.87612668836332, 9.24272333714339, 119.97741106022627]
[9.85212023405211, 9.28303369340573, 121.59857297596045]
[9.82796634392382, 9.32103969141874, 123.30016743603979]
[9.80365072483592, 9.35684995381416, 125.07739144205547]
[9.77915908364583, 9.39057310322371, 126.92317481079577]
[9.75447712721102, 9.42231776227913, 128.82799356894827]
[9.72959056238892, 9.45219255361214, 130.77978496842005]
[9.70448509603700, 9.48030609985447, 132.76399587337514]
[9.67914643501270, 9.50676702363786, 134.76378776954985]
[9.65356028617346, 9.53168394759403, 136.7604069039978]
[9.62771235637675, 9.55516549435471, 138.7337085759153]
[9.60158835247999, 9.57732028655162, 140.66280359055088]
[9.57517398134065, 9.59825694681651, 142.52677670363158]
[9.54845494981618, 9.61808409778110, 144.30541578114887]
[9.52141696476402, 9.63691036207711, 145.97988915119782]
[9.49404573304163, 9.65484436233628, 147.53331753020575]
[9.46632696150644, 9.67199472119034, 148.95120368035592]
[9.43824635701591, 9.68847006127102, 150.22170354869405]
[9.40978962642749, 9.70437900521004, 151.33574259679455]
[9.38094247659863, 9.71983017563914, 152.2869967932947]
[9.35169061438678, 9.73493219519004, 153.07176740780739]
[9.32201974664938, 9.74979368649447, 153.6887821452898]
[9.29191558024389, 9.76452327218417, 154.13895341553243]
[9.26136382202775, 9.77922957489085, 154.42511939699705]
[9.23035017885841, 9.79402121724627, 154.55178682487866]
[9.19886035759333, 9.80900682188213, 154.52488757224606]
[9.16688006508995, 9.82429501143017, 154.3515550784627]
[9.13439500820571, 9.83999440852212, 154.03992202247517]
[9.10139089379808, 9.85621363578972, 153.59893748873247]
[9.06785342872449, 9.87306131586467, 153.0382001395043]
[9.03376831984240, 9.89064607137873, 152.36780336401173]
[8.99912127400925, 9.90907652496362, 151.59818873726928]
[8.96389799808250, 9.92846129925106, 150.74000509199365]
[8.92808419891959, 9.94890901687279, 149.80397180146582]
[8.89166558337797, 9.97052830046053, 148.8007462366153]
[8.85462785831510, 9.99342777264602, 147.74079658665838]
[8.81695673058842, 10.0177160560610, 146.63428216252478]
[8.77863790705537, 10.0435017733371, 145.49094384020157]
[8.73965709457342, 10.0708935471062, 144.3200074148819]
[8.70000000000000, 10.1000000000000, 143.13010235415595]
[9.90000000000000, 9.20000000000000, 118.43947155399559]
[9.87635818930872, 9.24362694442130, 118.47934255765513]
[9.85302249414700, 9.28655544484785, 118.58943810049519]
[9.82994300584224, 9.32875510740709, 118.7731377007437]
[9.80706981572182, 9.37019553822643, 119.0340602594898]
[9.78435301511313, 9.41084634343333, 119.37607584745328]
[9.76174269534356, 9.45067712915521, 119.80331319264086]
[9.73918894774049, 9.48965750151951, 120.32016108490055]
[9.71664186363131, 9.52775706665366, 120.93126142631588]
[9.69405153434342, 9.56494543068511, 121.64149108434033]
[9.67136805120420, 9.60119219974127, 122.4559290577765]
[9.64854150554103, 9.63646697994960, 123.37980477315146]
[9.62552198868130, 9.67073937743752, 124.41842264891451]
[9.60225959195240, 9.70397899833247, 125.577057497778]
[9.57870440668172, 9.73615544876189, 126.86081504142132]
[9.55480652419665, 9.76723833485320, 128.2744520158454]
[9.53051603582457, 9.79719726273385, 129.82215135668594]
[9.50578303289287, 9.82600183853126, 131.50725014495666]
[9.48055760672894, 9.85362166837288, 133.33192176070173]
[9.45478984866016, 9.88002635838613, 135.29681935922184]
[9.42842985001392, 9.90518551469846, 137.40069544787121]
[9.40142770211762, 9.92906874343730, 139.64002165300016]
[9.37373349629864, 9.95164565073008, 142.00864270192935]
[9.34529732388435, 9.97288584270423, 144.4975073478912]
[9.31606927620217, 9.99275892548720, 147.09452381900422]
[9.28599944457946, 10.0112345052064, 149.78458544428256]
[9.25503792034362, 10.0282821879893, 152.5498010419545]
[9.22313479482204, 10.0438715799633, 155.36994382751737]
[9.19024015934209, 10.0579722872559, 158.22310412922548]
[9.15630410523118, 10.0705539159944, 161.08650016766882]
[9.12127672381669, 10.0815860723064, 163.93737460030974]
[9.08510810642600, 10.0910383623192, 166.7538893071485]
[9.04774834438651, 10.0988803921604, 169.51593120488934]
[9.00914752902560, 10.1050817679572, 172.20575763621432]
[8.96925575167065, 10.1096120958372, 174.8084367426867]
[8.92802310364906, 10.1124409819278, 177.31206928469976]
[8.88539967628821, 10.1135380323565, 179.70780662430062]
[8.84133556091549, 10.1128728532506, 178.01029994052433]
[8.79578084885829, 10.1104150507376, 175.84557261079607]
[8.74868563144400, 10.1061342309449, 173.7990557943838]
[8.70000000000000, 10.1000000000000, 171.86989764584405]
[8.70000000000000, 10.1000000000000, 138.00549302408086]
[8.66312142510044, 10.1319565199040, 140.2166558196368]
[8.62677681688350, 10.1609974643022, 142.57295471335146]
[8.59092150419367, 10.1872388137716, 145.0702820972676]
[8.55551081587543, 10.2107965488887, 147.69999203013808]
[8.52050008077326, 10.2317866502303, 150.44825517853408]
[8.48584462773167, 10.2503250983732, 153.29567859268994]
[8.45149978559513, 10.2665278738942, 156.21732146358553]
[8.41742088320814, 10.2805109573700, 159.1832070516121]
[8.38356324941518, 10.2923903293773, 162.15936377719729]
[8.34988221306074, 10.3022819704929, 165.1093342906403]
[8.31633310298931, 10.3103018612935, 167.99599361502274]
[8.28287124804537, 10.3165659823560, 170.78344686645912]
[8.24945197707342, 10.3211903142570, 173.4387584858046]
[8.21603061891794, 10.3242908375732, 175.9333052344556]
[8.18256250242343, 10.3259835328816, 178.2436297107687]
[8.14900295643436, 10.3263843807587, 179.64822892344807]
[8.11530730979522, 10.3256093617814, 177.75486420788124]
[8.08143089135051, 10.3237744565263, 176.08397499177673]
[8.04732902994472, 10.3209956455704, 174.63904697561955]
[8.01295705442232, 10.3173889094902, 173.42011966962534]
[7.97827029362782, 10.3130702288625, 172.42454255401097]
[7.94322407640568, 10.3081555842642, 171.64765646478747]
[7.90777373160042, 10.3027609562719, 171.0833655900841]
[7.87187458805650, 10.2970023254624, 170.724588179118]
[7.83548197461843, 10.2909956724125, 170.56358943059672]
[7.79855122013068, 10.2848569776989, 170.59220905935848]
[7.76103765343775, 10.2787022218983, 170.80200040246308]
[7.72289660338413, 10.2726473855875, 171.18429925655468]
[7.68408339881430, 10.2668084493433, 171.73024024102187]
[7.64455336857274, 10.2613013937424, 172.4307372486268]
[7.60426184150396, 10.2562421993615, 173.2764429994763]
[7.56316414645243, 10.2517468467775, 174.25770109301519]
[7.52121561226265, 10.2479313165669, 175.36450230038807]
[7.47837156777910, 10.2449115893067, 176.58645508912753]
[7.43458734184627, 10.2428036455736, 177.91277841650526]
[7.38981826330865, 10.2417234659443, 179.33232257816624]
[7.34401966101072, 10.2417870309955, 179.16637867019907]
[7.29714686379698, 10.2431103213040, 177.59502432024885]
[7.24915520051191, 10.2458093174466, 175.96543315351497]
[7.20000000000000, 10.2500000000000, 174.2894068625006]
[7.20000000000000, 10.2500000000000, 162.63503013200858]
[7.15307162527669, 10.2639254733672, 164.33673676813208]
[7.10767369709853, 10.2759041685290, 166.1277911751426]
[7.06372356229588, 10.2860080964230, 168.00421892377904]
[7.02113856769905, 10.2943092679871, 169.9597024636432]
[6.97983606013838, 10.3008796941592, 171.98533970184482]
[6.93973338644422, 10.3057913858770, 174.0695009670066]
[6.90074789344689, 10.3091163540784, 176.1978222076291]
[6.86279692797672, 10.3109266097011, 178.35336507027412]
[6.82579783686406, 10.3112941636831, 179.48304019609088]
[6.78966796693924, 10.3102910269620, 177.3322741833923]
[6.75432466503260, 10.3079892104758, 175.2162595876299]
[6.71968527797446, 10.3044607251622, 173.15719630346442]
[6.68566715259516, 10.2997775819590, 171.1767678199588]
[6.65218763572504, 10.2940117918041, 169.29539080176377]
[6.61916407419443, 10.2872353656353, 167.53157194308318]
[6.58651381483367, 10.2795203143904, 165.90141824312693]
[6.55415420447309, 10.2709386490072, 164.41832330472192]
[6.52200258994303, 10.2615623804235, 163.09282849422056]
[6.48997631807382, 10.2514635195772, 161.93263838490196]
[6.45799273569580, 10.2407140774060, 160.94275747967467]
[6.42596918963929, 10.2293860648478, 160.12571026458596]
[6.39382302673464, 10.2175514928404, 159.48180800768253]
[6.36147159381219, 10.2052823723215, 159.009431349761]
[6.32883223770226, 10.1926507142291, 158.70530548614713]
[6.29582230523519, 10.1797285295009, 158.56475284752105]
[6.26235914324131, 10.1665878290748, 158.5819154723545]
[6.22836009855096, 10.1533006238885, 158.74994510663797]
[6.19374251799448, 10.1399389248799, 159.06116328085747]
[6.15842374840220, 10.1265747429868, 159.50719628198132]
[6.12232113660445, 10.1132800891470, 160.0790912768993]
[6.08535202943157, 10.1001269742983, 160.76742011506124]
[6.04743377371390, 10.0871874093786, 161.56237679928697]
[6.00848371628176, 10.0745334053256, 162.45387349981755]
[5.96841920396550, 10.0622369730771, 163.43163850910574]
[5.92715758359544, 10.0503701235711, 164.4853178865846]
[5.88461620200193, 10.0390048677452, -165.60458090111783]
[5.84071240601529, 10.0282132165373, -166.77922790347273]
[5.79536354246587, 10.0180671808853, -167.99929808526986]
[5.74848695818399, 10.0086387717269, -169.25517380072222]
[5.70000000000000, 10.0000000000000, -170.53767779197443]
[5.70000000000000, 10.0000000000000, -178.8899069955554]
[5.65101662891458, 9.99970531105559, -179.55559140476936]
[5.60398287747635, 10.0007304190186, -177.9238090028354]
[5.55880144118314, 10.0030330512140, -176.21839774135003]
[5.51537501553279, 10.0065709349665, -174.44494333665855]
[5.47360629602313, 10.0113017976013, -172.6111554712776]
[5.43339797815200, 10.0171833664430, -170.72698529645197]
[5.39465275741723, 10.0241733688166, 168.80464283374565]
[5.35727332931666, 10.0322295320470, 166.85849125538044]
[5.32116238934812, 10.0413095834592, 164.90480431494024]
[5.28622263300945, 10.0513712503780, 162.96138692808185]
[5.25235675579848, 10.0623722601282, 161.04707530786578]
[5.21946745321305, 10.0742703400349, 159.18114925579766]
[5.18745742075099, 10.0870232174228, 157.3827018283714]
[5.15622935391014, 10.1005886196170, 155.67001775216684]
[5.12568594818834, 10.1149242739422, 154.06001017722284]
[5.09572989908341, 10.1299879077234, 152.56775608918477]
[5.06626390209320, 10.1457372482855, 151.20615616332265]
[5.03719065271553, 10.1621300229534, 149.9857282789266]
[5.00841284644825, 10.1791239590520, 148.91452858399742]
[4.97983317878919, 10.1966767839061, 147.99818233873967]
[4.95135434523618, 10.2147462248407, 147.2399999380349]
[4.92287904128706, 10.2332900091807, 146.64115145227711]
[4.89430996243966, 10.2522658642509, 146.20087479461256]
[4.86554980419183, 10.2716315173763, 145.91669688045235]
[4.83650126204139, 10.2913446958817, 145.78465255521326]
[4.80706703148618, 10.3113631270921, 145.79949154852514]
[4.77714980802403, 10.3316445383324, 145.9548685414146]
[4.74665228715278, 10.3521466569274, 146.2435152190906]
[4.71547716437027, 10.3728272102020, 146.65739580212744]
[4.68352713517433, 10.3936439254812, 147.1878490565223]
[4.65070489506280, 10.4145545300898, 147.8257203339632]
[4.61691313953350, 10.4355167513528, 148.5614869920056]
[4.58205456408428, 10.4564883165949, 149.38537980921421]
[4.54603186421297, 10.4774269531413, 150.28750195794257]
[4.50874773541741, 10.4982903883166, 151.25794592640034]
[4.47010487319542, 10.5190363494458, 152.28690766576582]
[4.43000597304485, 10.5396225638539, 153.36479631721792]
[4.38835373046354, 10.5600067588657, 154.48233724605126]
[4.34505084094931, 10.5801466618061, 155.63066582666778]
[4.30000000000000, 10.6000000000000, 156.80140948635182]
[4.30000000000000, 10.6000000000000, 164.321014144532]
[4.25267388626389, 10.6125846178910, 165.92168106351403]
[4.20691848982111, 10.6233582180914, 167.6038194956715]
[4.16264958851182, 10.6323875221685, 169.36373245524211]
[4.11978296017614, 10.6397392516893, 171.19565870645042]
[4.07823438265424, 10.6454801282208, 173.09156283999724]
[4.03791963378626, 10.6496768733303, 175.04100524488376]
[3.99875449141234, 10.6523962085848, 177.0311228946123]
[3.96065473337263, 10.6537048555514, 179.04674682384012]
[3.92353613750728, 10.6536695357972, 178.929328588589]
[3.88731448165643, 10.6523569708893, 176.91592531114637]
[3.85190554366022, 10.6498338823948, 174.93292999861455]
[3.81722510135882, 10.6461669918809, 173.00064906326935]
[3.78318893259235, 10.6414230209145, 171.13912250069896]
[3.74971281520097, 10.6356686910628, 169.36745463894803]
[3.71671252702483, 10.6289707238929, 167.70321681027977]
[3.68410384590406, 10.6213958409720, 166.16196527054365]
[3.65180254967883, 10.6130107638670, 164.75690036988087]
[3.61972441618926, 10.6038822141452, 163.4986739338997]
[3.58778522327552, 10.5940769133735, 162.3953348078662]
[3.55590074877773, 10.5836615831192, 161.45239017274818]
[3.52398677053607, 10.5727029449492, 160.67295362963117]
[3.49195906639065, 10.5612677204308, 160.05794982154876]
[3.45973341418164, 10.5494226311310, 159.6063482492302]
[3.42722559174919, 10.5372343986168, 159.3154043193323]
[3.39435137693342, 10.5247697444555, 159.1808920242294]
[3.36102654757450, 10.5120953902141, 159.19731883444905]
[3.32716688151257, 10.4992780574597, 159.35811866157104]
[3.29268815658778, 10.4863844677594, 159.65582277461291]
[3.25750615064026, 10.4734813426803, 160.08221125856375]
[3.22153664151018, 10.4606354037894, 160.62844909442143]
[3.18469540703766, 10.4479133726540, 161.28521140975357]
[3.14689822506287, 10.4353819708411, 162.04280212595228]
[3.10806087342595, 10.4231079199178, 162.8912693458947]
[3.06809912996703, 10.4111579414512, 163.82051960615652]
[3.02692877252628, 10.3995987570084, -164.82043176609216]
[2.98446557894383, 10.3884970881566, -165.8809700029809]
[2.94062532705983, 10.3779196564627, -166.99229427810792]
[2.89532379471443, 10.3679331834939, -168.14486584369928]
[2.84847675974777, 10.3586043908173, -169.3295449392489]
[2.80000000000000, 10.3500000000000, -170.53767779197435]
[2.80000000000000, 10.3500000000000, -178.34265458082845]
[2.75293349498906, 10.3485140811069, -178.02773088944494]
[2.71149593128957, 10.3469627361907, -177.66786463556124]
[2.67539298561991, 10.3453672677871, -177.25053176922202]
[2.64433033469845, 10.3437489784320, -176.75744351954427]
[2.61801365524355, 10.3421291706612, -176.1605877437735]
[2.59614862397359, 10.3405291470104, -175.4144097177666]
[2.57844091760694, 10.3389702100155, -174.43885763224694]
[2.56459621286197, 10.3374736622123, -173.07779238229463]
[2.55432018645705, 10.3360608061366, -170.977750780556]
[2.54731851511056, 10.3347529443241, -167.12829599330195]
[2.54329687554085, 10.3335713793109, -157.0912421905173]
[2.54196094446630, 10.3325374136325, -95.46514342530647]
[2.54301639860529, 10.3316723498249, -19.761598037955917]
[2.54616891467618, 10.3309974904238, -7.945570282611095]
[2.55112416939735, 10.3305341379650, -3.483070826368716]
[2.55758783948716, 10.3303035949844, -0.8613099959518594]
[2.56526560166399, 10.3303271640178, -1.1037303404557601]
[2.57386313264620, 10.3306261476010, -2.835780031418851]
[2.58308610915217, 10.3312218482697, -4.5507122377600515]
[2.59264020790027, 10.3321355685599, -6.403534178251119]
[2.60223110560887, 10.3333886110072, -8.549181237570656]
[2.61156447899634, 10.3350022781475, -11.18755221457005]
[2.62034600478104, 10.3369978725167, -14.623422804522004]
[2.62828135968136, 10.3393966966505, -19.37663020090699]
[2.63507622041566, 10.3422200530847, -26.411249903522922]
[2.64043626370231, 10.3454892443552, -37.595668787536844]
[2.64406716625969, 10.3492255729977, -56.14177978967266]
[2.64567460480615, 10.3534503415481, -83.65657740835849]
[2.64496425606009, 10.3581848525421, -111.49189059255316]
[2.64164179673985, 10.3634504085156, -130.4794777731823]
[2.63541290356382, 10.3692683120044, -141.89677118180813]
[2.62598325325037, 10.3756598655443, -149.00370615934614]
[2.61305852251787, 10.3826463716712, -153.72772998786633]
[2.59634438808468, 10.3902491329207, 157.05877319794965]
[2.57554652666919, 10.3984894518287, 159.52171146909896]
[2.55037061498975, 10.4073886309311, 161.41241747084868]
[2.52052232976474, 10.4169679727636, 162.90793576183654]
[2.48570734771253, 10.4272487798620, 164.11986311166095]
[2.44563134555149, 10.4382523547622, 165.1217142749227]
[2.40000000000000, 10.4500000000000, 165.9637565320726]
[2.40000000000000, 10.4500000000000, 178.00135202054972]
[2.35219146620295, 10.4531376596443, 174.35109590549138]
[2.30859228018216, 10.4590085642330, 170.15555021987592]
[2.26903331745245, 10.4675309893286, 165.35987347599539]
[2.23334545352865, 10.4786232104938, 159.93340398773958]
[2.20135956392556, 10.4922035032909, 153.89000237097514]
[2.17290652415800, 10.5081901432824, 147.3092892310067]
[2.14781720974080, 10.5265014060310, 140.34876544771612]
[2.12592249618877, 10.5470555670990, 133.234601569221]
[2.10705325901672, 10.5697709020491, 126.22640864053871]
[2.09104037373948, 10.5945656864436, 119.5672854777373]
[2.07771471587186, 10.6213581958451, 113.44136743135914]
[2.06690716092868, 10.6500667058162, 107.95539494111367]
[2.05844858442475, 10.6806094919192, 103.14468697905555]
[2.05216986187490, 10.7129048297168, 98.99260944659292]
[2.04790186879393, 10.7468709947714, 95.45202541222181]
[2.04547548069668, 10.7824262626456, 92.4623427865148]
[2.04472157309795, 10.8194889089018, 89.96064278701047]
[2.04547102151256, 10.8579772091025, 87.88786159277834]
[2.04755470145534, 10.8978094388103, 86.19162232438397]
[2.05080348844109, 10.9389038735876, 84.8270882650722]
[2.05504825798463, 10.9811787889970, 83.75677834101572]
[2.06011988560079, 11.0245524606009, 82.94991478709161]
[2.06584924680437, 11.0689431639620, 82.38161799010253]
[2.07206721711021, 11.1142691746426, 82.03210758831]
[2.07860467203310, 11.1604487682053, 81.88598044421654]
[2.08529248708788, 11.2074002202126, 81.93158881767482]
[2.09196153778936, 11.2550418062270, 82.16051822889024]
[2.09844269965235, 11.3032918018109, 82.56715329105216]
[2.10456684819167, 11.3520684825270, 83.14831496015691]
[2.11016485892215, 11.4012901239378, 83.90295071844719]
[2.11506760735859, 11.4508750016056, 84.83185830620444]
[2.11910596901582, 11.5007413910931, 85.93742279074628]
[2.12211081940865, 11.5508075679627, 87.22334560792241]
[2.12391303405190, 11.6009918077769, 88.69434271353754]
[2.12434348846039, 11.6512123860983, 90.35578747985306]
[2.12323305814893, 11.7013875784893, 92.21327321765445]
[2.12041261863235, 11.7514356605125, 94.27207145751191]
[2.11571304542545, 11.8012749077303, 96.53646721971623]
[2.10896521404307, 11.8508235957053, 99.00896376751633]
[2.10000000000000, 11.9000000000000, 101.68936917543921]
[2.10000000000000, 11.9000000000000, 130.72064580645167]
[2.06889144252385, 11.9374814771920, 128.6182496736362]
[2.04072527794762, 11.9741741688124, 126.35735489808968]
[2.01538503621432, 12.0101353616688, 123.93780633356958]
[1.99275424726698, 12.0454223425685, 121.36385864846005]
[1.97271644104864, 12.0800923983192, 118.6451717228706]
[1.95515514750231, 12.1142028157284, 115.79763898731032]
[1.93995389657104, 12.1478108816035, 112.84386984450994]
[1.92699621819785, 12.1809738827520, 109.8131443664725]
[1.91616564232576, 12.2137491059815, 106.74070456123187]
[1.90734569889780, 12.2461938380995, 103.66634727631705]
[1.90041991785700, 12.2783653659134, 100.63242283814466]
[1.89527182914640, 12.3103209762308, 97.6814816329266]
[1.89178496270901, 12.3421179558592, 94.85389956480697]
[1.88984284848786, 12.3738135916061, 92.18581811560125]
[1.88932901642599, 12.4054651702789, 89.7076536271542]
[1.89012699646642, 12.4371299786853, 87.44329519618633]
[1.89212031855218, 12.4688653036326, 85.40996935361922]
[1.89519251262630, 12.5007284319285, 83.61864356848906]
[1.89922710863180, 12.5327766503803, 82.07478861336048]
[1.90410763651172, 12.5650672457957, 80.77931831557831]
[1.90971762620908, 12.5976575049821, 79.72955713940911]
[1.91594060766690, 12.6306047147470, 78.92013189389708]
[1.92266011082823, 12.6639661618980, 78.34372880178886]
[1.92975966563608, 12.6977991332425, 77.99169318333871]
[1.93712280203348, 12.7321609155880, 77.85447379509401]
[1.94463304996346, 12.7671087957421, 77.92192854154011]
[1.95217393936906, 12.8027000605123, 78.18351537030593]
[1.95962900019329, 12.8389919967060, 78.62839429065522]
[1.96688176237919, 12.8760418911307, 79.24546572433218]
[1.97381575586978, 12.9139070305941, 80.02336823507372]
[1.98031451060809, 12.9526447019035, 80.95045591237727]
[1.98626155653715, 12.9923121918665, 82.0147726855143]
[1.99154042359999, 13.0329667872906, 83.20403771667755]
[1.99603464173964, 13.0746657749832, 84.50565273640343]
[1.99962774089912, 13.1174664417520, 85.90673869024194]
[2.00220325102146, 13.1614260744044, 87.39420537450343]
[2.00364470204969, 13.2066019597479, 88.95485396720484]
[2.00383562392684, 13.2530513845900, 90.5755087348346]
[2.00265954659593, 13.3008316357382, 92.24317102166466]
[2.00000000000000, 13.3500000000000, 93.94518622903757]
[2.00000000000000, 13.3500000000000, 106.34688076691154]
[1.98662223698466, 13.3971566895498, 105.31389149831493]
[1.97459896148041, 13.4427266728599, 104.23139325012448]
[1.96387740124655, 13.4867961203031, 103.10115397497053]
[1.95440478404240, 13.5294512022526, 101.92597178481181]
[1.94612833762725, 13.5707780890812, 100.70980261801249]
[1.93899528976043, 13.6108629511620, 99.45786691318004]
[1.93295286820123, 13.6497919588680, 98.17672292777821]
[1.92794830070897, 13.6876512825720, 96.87429381504849]
[1.92392881504296, 13.7245270926471, 95.55983646295884]
[1.92084163896249, 13.7605055594663, 94.24384272784405]
[1.91863400022689, 13.7956728534026, 92.93786814663322]
[1.91725312659546, 13.8301151448288, 91.65428922118593]
[1.91664624582751, 13.8639186041180, 90.40599728460447]
[1.91676058568234, 13.8971694016433, 89.20604380783651]
[1.91754337391927, 13.9299537077774, 88.0672576666525]
[1.91894183829759, 13.9623576928935, 87.00185835807056]
[1.92090320657663, 13.9944675273645, 86.02108979698882]
[1.92337470651569, 14.0263693815634, 85.13489704712266]
[1.92630356587408, 14.0581494258631, 84.35166361912538]
[1.92963701241111, 14.0898938306367, 83.67802070445832]
[1.93332227388607, 14.1216887662571, 83.1187329911892]
[1.93730657805830, 14.1536204030973, 82.676659531463]
[1.94153715268708, 14.1857749115303, 82.35278322099643]
[1.94596122553173, 14.2182384619290, 82.14629915507767]
[1.95052602435156, 14.2510972246665, 82.05475043535694]
[1.95517877690587, 14.2844373701156, 82.07419965343573]
[1.95986671095398, 14.3183450686494, 82.19942487996747]
[1.96453705425520, 14.3529064906409, 82.42413014073718]
[1.96913703456882, 14.3882078064630, 82.74116173376076]
[1.97361387965416, 14.4243351864888, 83.1427231117595]
[1.97791481727054, 14.4613748010911, 83.6205823092007]
[1.98198707517724, 14.4994128206430, 84.16626700487973]
[1.98577788113360, 14.5385354155175, 84.77124330438467]
[1.98923446289890, 14.5788287560874, 85.42707524589348]
[1.99230404823246, 14.6203790127259, 86.12556291631718]
[1.99493386489360, 14.6632723558058, 86.85885793181905]
[1.99707114064161, 14.7075949557003, 87.61955588263412]
[1.99866310323581, 14.7534329827821, 88.40076614288004]
[1.99965698043550, 14.8008726074244, 89.19616016698953]
[2.00000000000000, 14.8500000000000, 90.0]
[2.00000000000000, 14.8500000000000, 95.10985514706053]
[1.99566607732898, 14.8987999249629, 95.03930436408311]
[1.99156363778798, 14.9456650808192, 94.96509739860473]
[1.98768183118121, 14.9906974030855, 94.88728003603286]
[1.98400980731284, 15.0339988272787, 94.80595811990288]
[1.98053671598709, 15.0756712889153, 94.72130803144877]
[1.97725170700812, 15.1158167235119, 94.63358719405966]
[1.97414393018015, 15.1545370665853, 94.5431440173016]
[1.97120253530736, 15.1919342536520, 94.45042653079173]
[1.96841667219394, 15.2281102202289, 94.35598880561797]
[1.96577549064409, 15.2631669018324, 94.26049414577915]
[1.96326814046200, 15.2972062339793, 94.16471398598566]
[1.96088377145186, 15.3303301521863, 94.06952148961784]
[1.95861153341785, 15.3626405919700, 93.97587903309146]
[1.95644057616419, 15.3942394888470, 93.8848191103929]
[1.95436004949505, 15.4252287783340, 93.79741869347893]
[1.95235910321463, 15.4557103959478, 93.7147677110234]
[1.95042688712712, 15.4857862772049, 93.63793299720501]
[1.94855255103671, 15.5155583576219, 93.56791972195106]
[1.94672524474760, 15.5451285727157, 93.50563283537696]
[1.94493411806398, 15.5745988580028, 93.45184133691069]
[1.94316832079004, 15.6040711489998, 93.40714813709239]
[1.94141700272997, 15.6336473812235, 93.37196789120343]
[1.93966931368796, 15.6634294901905, 93.34651448519118]
[1.93791440346821, 15.6935194114175, 93.33079894170818]
[1.93614142187491, 15.7240190804211, 93.32463752405556]
[1.93433951871225, 15.7550304327180, 93.32766889622859]
[1.93249784378443, 15.7866554038249, 93.3393784756166]
[1.93060554689563, 15.8189959292583, 93.35912767373324]
[1.92865177785005, 15.8521539445351, 93.38618558563704]
[1.92662568645188, 15.8862313851717, 93.41976083290913]
[1.92451642250531, 15.9213301866850, 93.45903162155382]
[1.92231313581453, 15.9575522845915, 93.50317255925552]
[1.92000497618374, 15.9949996144079, 93.55137730069222]
[1.91758109341713, 16.0337741116509, 93.6028765845095]
[1.91503063731890, 16.0739777118372, 93.65695164295681]
[1.91234275769322, 16.1157123504833, 93.71294328050193]
[1.90950660434430, 16.1590799631060, 93.77025712652095]
[1.90651132707633, 16.2041824852219, 93.82836567930785]
[1.90334607569350, 16.2511218523477, 93.88680779224482]
[1.90000000000000, 16.3000000000000, 93.94518622903756]
[1.90000000000000, 16.3000000000000, 94.32172011662283]
[1.89691678549050, 16.3487422826655, 92.89055532721177]
[1.89517431085355, 16.3953265799997, 91.36647663559263]
[1.89472981814175, 16.4398625617649, 89.74969905743855]
[1.89554054940771, 16.4824598977233, 88.0423983811684]
[1.89756374670405, 16.5232282576375, 86.24911207529884]
[1.90075665208337, 16.5622773112696, 84.37711001319222]
[1.90507650759829, 16.5997167283820, 82.43669007862006]
[1.91048055530142, 16.6356561787371, 80.44134729138622]
[1.91692603724537, 16.6702053320971, 78.40776557812416]
[1.92437019548275, 16.7034738582244, 76.35559156177851]
[1.93277027206616, 16.7355714268814, 74.30697087988538]
[1.94208350904824, 16.7666077078304, 72.28585774288624]
[1.95226714848157, 16.7966923708336, 70.3171424945631]
[1.96327843241878, 16.8259350856534, 68.42567215982926]
[1.97507460291248, 16.8544455220523, 66.6352575196715]
[1.98761290201527, 16.8823333497924, 64.96776197779137]
[2.00085057177977, 16.9097082386361, 63.44235194392342]
[2.01474485425858, 16.9366798583457, 62.07496012626288]
[2.02925299150433, 16.9633578786837, 60.877979590462346]
[2.04433222556962, 16.9898519694122, 59.8601756056511]
[2.05993979850706, 17.0162718002937, 59.02677989312804]
[2.07603295236926, 17.0427270410905, 58.37972030066326]
[2.09256892920884, 17.0693273615648, 57.917937407273534]
[2.10950497107840, 17.0961824314791, 57.63774540727528]
[2.12679832003056, 17.1234019205957, 57.533204474484094]
[2.14440621811793, 17.1510954986768, 57.59648268417232]
[2.16228590739311, 17.1793728354849, 57.818195367536084]
[2.18039462990872, 17.2083436007822, 58.18771734590888]
[2.19868962771738, 17.2381174643311, 58.69346848371265]
[2.21712814287168, 17.2688040958939, 59.323175588027574]
[2.23566741742425, 17.3005131652329, 60.06411434354338]
[2.25426469342769, 17.3333543421106, 60.90333429831231]
[2.27287721293462, 17.3674372962891, 61.827868502972116]
[2.29146221799764, 17.4028716975309, 62.824927777360315]
[2.30997695066937, 17.4397672155982, 63.882078143374386]
[2.32837865300241, 17.4782335202535, 64.98739899570919]
[2.34662456704939, 17.5183802812589, 66.12961921642433]
[2.36467193486291, 17.5603171683770, 67.2982286794626]
[2.38247799849557, 17.6041538513699, 68.48356333767589]
[2.40000000000000, 17.6500000000000, 69.67686317033707]
[2.40000000000000, 17.6500000000000, 77.89687509347704]
[2.40940475862908, 17.6975971328593, 79.79788694656808]
[2.41669715272328, 17.7426953760389, 81.88429083088003]
[2.42194514321296, 17.7854207668499, 84.16617733040096]
[2.42521669102851, 17.8258993426038, 86.65020811936193]
[2.42657975710029, 17.8642571406119, 89.337943242426]
[2.42610230235866, 17.9006201981854, 92.22396964580054]
[2.42385228773399, 17.9351145526357, 95.29404268790766]
[2.41989767415666, 17.9678662412742, 98.5235758772714]
[2.41430642255703, 17.9990013014121, 101.87690410053258]
[2.40714649386547, 18.0286457703608, 105.30773764099204]
[2.39848584901235, 18.0569256854316, 108.76106303699653]
[2.38839244892804, 18.0839670839358, 112.17643185691033]
[2.37693425454290, 18.1098960031848, 115.49219690399272]
[2.36417922678731, 18.1348384804899, 118.64996113297126]
[2.35019532659163, 18.1589205531623, 121.59843663949209]
[2.33505051488624, 18.1822682585135, 124.29610348372597]
[2.31881275260149, 18.2050076338547, 126.7124163548313]
[2.30155000066777, 18.2272647164973, 128.827672181332]
[2.28333022001543, 18.2491655437526, 130.63189586196873]
[2.26422137157485, 18.2708361529318, 132.12318199359464]
[2.24429141627640, 18.2924025813465, 133.30588122262793]
[2.22360831505044, 18.3139908663078, 134.1889054921875]
[2.20224002882735, 18.3357270451271, 134.78430393827665]
[2.18025451853748, 18.3577371551157, 135.10616284683314]
[2.15771974511122, 18.3801472335849, 135.16981854746908]
[2.13470366947893, 18.4030833178461, 134.9913375484658]
[2.11127425257097, 18.4266714452106, 134.5872048817817]
[2.08749945531772, 18.4510376529897, 133.97416102670624]
[2.06344723864954, 18.4763079784947, 133.16913365992895]
[2.03918556349681, 18.5026084590370, 132.18921901409908]
[2.01478239078989, 18.5300651319278, 131.05167686074932]
[1.99030568145915, 18.5588040344786, 129.77391227141683]
[1.96582339643497, 18.5889512040006, 128.37342612219598]
[1.94140349664770, 18.6206326778051, 126.86772471194196]
[1.91711394302771, 18.6539744932035, 125.27418669891998]
[1.89302269650538, 18.6891026875071, 123.60989249578154]
[1.86919771801108, 18.7261432980272, 121.89142684497406]
[1.84570696847517, 18.7652223620752, 120.13466906892641]
[1.82261840882802, 18.8064659169624, 118.35458713828173]
[1.80000000000000, 18.8500000000000, 116.56505117707799]
